COMMAND
./sim bimodal 9 gcc_trace.txt
OUTPUT
number of predictions:		2000000
number of mispredictions:	359933
misprediction rate:		18.00%
FINAL BIMODAL CONTENTS
0   7
1   3
2   0
3   7
4   6
5   0
6   7
7   0
8   0
9   0
10   0
11   1
12   7
13   6
14   7
15   7
16   7
17   0
18   7
19   0
20   0
21   7
22   6
23   1
24   0
25   1
26   1
27   6
28   0
29   0
30   6
31   6
32   0
33   4
34   5
35   1
36   2
37   6
38   7
39   6
40   7
41   1
42   0
43   0
44   2
45   0
46   0
47   7
48   7
49   0
50   0
51   5
52   0
53   2
54   0
55   0
56   2
57   7
58   0
59   0
60   7
61   0
62   0
63   7
64   5
65   4
66   0
67   1
68   0
69   0
70   7
71   7
72   0
73   0
74   6
75   0
76   7
77   6
78   3
79   0
80   0
81   7
82   0
83   0
84   1
85   7
86   7
87   0
88   7
89   7
90   4
91   0
92   0
93   0
94   6
95   1
96   7
97   5
98   6
99   4
100   0
101   7
102   7
103   0
104   0
105   7
106   0
107   0
108   7
109   4
110   7
111   1
112   1
113   7
114   7
115   7
116   7
117   0
118   4
119   0
120   3
121   0
122   7
123   0
124   0
125   7
126   0
127   0
128   7
129   0
130   7
131   0
132   7
133   7
134   0
135   7
136   1
137   0
138   1
139   0
140   0
141   0
142   7
143   0
144   0
145   0
146   1
147   0
148   0
149   7
150   0
151   7
152   0
153   7
154   7
155   7
156   0
157   7
158   0
159   0
160   7
161   0
162   7
163   6
164   0
165   0
166   0
167   7
168   7
169   3
170   7
171   7
172   7
173   0
174   6
175   7
176   5
177   0
178   7
179   0
180   0
181   0
182   7
183   7
184   5
185   2
186   7
187   0
188   0
189   7
190   2
191   0
192   0
193   1
194   0
195   1
196   3
197   0
198   0
199   7
200   0
201   0
202   0
203   7
204   5
205   7
206   7
207   0
208   4
209   0
210   1
211   0
212   1
213   0
214   6
215   7
216   2
217   0
218   5
219   0
220   7
221   7
222   0
223   0
224   7
225   7
226   0
227   0
228   4
229   7
230   7
231   1
232   7
233   5
234   4
235   7
236   3
237   7
238   0
239   7
240   0
241   0
242   0
243   7
244   0
245   7
246   0
247   0
248   0
249   0
250   0
251   1
252   2
253   6
254   0
255   5
256   0
257   0
258   7
259   0
260   7
261   5
262   7
263   7
264   2
265   7
266   0
267   7
268   6
269   0
270   1
271   3
272   1
273   7
274   7
275   2
276   0
277   7
278   6
279   0
280   1
281   7
282   0
283   0
284   0
285   0
286   0
287   0
288   7
289   0
290   0
291   7
292   7
293   0
294   0
295   0
296   0
297   0
298   0
299   7
300   7
301   0
302   0
303   7
304   0
305   7
306   7
307   3
308   0
309   7
310   1
311   1
312   0
313   7
314   0
315   0
316   0
317   0
318   0
319   1
320   1
321   7
322   7
323   0
324   0
325   0
326   4
327   6
328   0
329   0
330   7
331   0
332   7
333   7
334   0
335   6
336   1
337   1
338   0
339   0
340   0
341   0
342   0
343   7
344   0
345   0
346   0
347   7
348   6
349   6
350   0
351   2
352   7
353   0
354   5
355   7
356   3
357   0
358   7
359   0
360   0
361   1
362   0
363   7
364   6
365   0
366   7
367   0
368   6
369   2
370   7
371   0
372   7
373   7
374   7
375   7
376   1
377   1
378   7
379   0
380   0
381   0
382   2
383   0
384   0
385   0
386   0
387   1
388   7
389   7
390   7
391   6
392   1
393   0
394   1
395   0
396   6
397   0
398   0
399   7
400   0
401   2
402   0
403   3
404   6
405   0
406   0
407   0
408   7
409   2
410   0
411   3
412   0
413   0
414   0
415   1
416   0
417   7
418   7
419   0
420   5
421   2
422   0
423   0
424   7
425   0
426   0
427   6
428   0
429   5
430   7
431   7
432   0
433   0
434   0
435   6
436   7
437   7
438   7
439   7
440   7
441   0
442   4
443   7
444   7
445   6
446   7
447   7
448   0
449   7
450   0
451   7
452   1
453   0
454   0
455   0
456   0
457   7
458   0
459   0
460   0
461   7
462   7
463   0
464   0
465   5
466   7
467   4
468   1
469   4
470   7
471   0
472   0
473   3
474   6
475   0
476   2
477   6
478   1
479   7
480   7
481   0
482   0
483   0
484   0
485   7
486   1
487   6
488   2
489   2
490   0
491   0
492   0
493   0
494   1
495   0
496   7
497   3
498   0
499   1
500   6
501   0
502   0
503   7
504   0
505   1
506   0
507   0
508   7
509   2
510   0
511   6
