COMMAND
./sim gshare 10 10 jpeg_trace.txt
OUTPUT
number of predictions:		2000000
number of mispredictions:	159693
misprediction rate:		7.98%
FINAL GSHARE CONTENTS
0   7
1   6
2   7
3   7
4   7
5   7
6   7
7   7
8   7
9   0
10   7
11   7
12   7
13   0
14   7
15   1
16   1
17   7
18   0
19   7
20   7
21   6
22   7
23   0
24   7
25   4
26   1
27   2
28   1
29   7
30   6
31   4
32   7
33   7
34   2
35   0
36   7
37   7
38   7
39   7
40   5
41   7
42   7
43   0
44   4
45   7
46   4
47   0
48   7
49   0
50   0
51   4
52   0
53   7
54   7
55   7
56   1
57   7
58   0
59   2
60   7
61   5
62   7
63   4
64   7
65   7
66   3
67   3
68   2
69   7
70   7
71   3
72   5
73   7
74   7
75   7
76   7
77   7
78   1
79   0
80   2
81   7
82   3
83   7
84   7
85   7
86   0
87   0
88   7
89   7
90   7
91   7
92   6
93   7
94   2
95   7
96   7
97   7
98   6
99   7
100   7
101   7
102   7
103   0
104   7
105   7
106   0
107   0
108   7
109   7
110   7
111   4
112   7
113   7
114   7
115   0
116   6
117   7
118   5
119   3
120   4
121   7
122   7
123   7
124   0
125   7
126   5
127   7
128   7
129   0
130   3
131   7
132   0
133   6
134   0
135   7
136   5
137   7
138   7
139   7
140   0
141   7
142   7
143   0
144   1
145   0
146   7
147   1
148   7
149   5
150   0
151   0
152   2
153   7
154   7
155   3
156   0
157   7
158   0
159   6
160   7
161   7
162   1
163   7
164   7
165   5
166   7
167   7
168   0
169   1
170   0
171   2
172   5
173   6
174   7
175   7
176   0
177   1
178   7
179   5
180   6
181   7
182   2
183   2
184   0
185   0
186   7
187   7
188   6
189   4
190   1
191   0
192   0
193   0
194   0
195   1
196   7
197   7
198   5
199   5
200   7
201   7
202   7
203   7
204   7
205   7
206   7
207   2
208   1
209   0
210   0
211   0
212   5
213   6
214   7
215   7
216   7
217   4
218   7
219   0
220   4
221   7
222   7
223   7
224   7
225   7
226   7
227   7
228   7
229   7
230   7
231   7
232   6
233   0
234   0
235   7
236   7
237   7
238   7
239   7
240   7
241   7
242   7
243   1
244   7
245   7
246   7
247   7
248   7
249   7
250   7
251   7
252   0
253   7
254   1
255   1
256   7
257   7
258   7
259   0
260   7
261   7
262   5
263   7
264   7
265   7
266   7
267   7
268   7
269   7
270   1
271   7
272   0
273   6
274   6
275   7
276   7
277   7
278   7
279   5
280   1
281   0
282   7
283   7
284   0
285   7
286   7
287   0
288   3
289   7
290   7
291   6
292   7
293   0
294   7
295   7
296   7
297   7
298   7
299   1
300   7
301   7
302   7
303   7
304   5
305   7
306   7
307   5
308   7
309   7
310   7
311   7
312   7
313   1
314   7
315   7
316   7
317   0
318   6
319   5
320   5
321   7
322   0
323   0
324   5
325   2
326   0
327   0
328   7
329   3
330   7
331   7
332   2
333   2
334   1
335   2
336   3
337   1
338   1
339   0
340   7
341   1
342   7
343   0
344   1
345   7
346   7
347   0
348   7
349   7
350   7
351   5
352   7
353   7
354   1
355   7
356   4
357   7
358   4
359   0
360   3
361   7
362   6
363   6
364   0
365   7
366   2
367   1
368   1
369   4
370   7
371   7
372   7
373   7
374   7
375   7
376   6
377   7
378   2
379   7
380   7
381   7
382   7
383   7
384   7
385   7
386   7
387   7
388   7
389   1
390   7
391   1
392   0
393   7
394   7
395   7
396   7
397   7
398   6
399   7
400   7
401   2
402   0
403   0
404   7
405   1
406   7
407   1
408   7
409   6
410   7
411   7
412   7
413   7
414   7
415   7
416   7
417   0
418   7
419   0
420   7
421   3
422   0
423   7
424   7
425   7
426   0
427   5
428   1
429   7
430   7
431   5
432   5
433   7
434   1
435   1
436   7
437   7
438   7
439   7
440   7
441   3
442   7
443   7
444   7
445   0
446   7
447   6
448   6
449   7
450   7
451   7
452   7
453   7
454   7
455   7
456   7
457   7
458   7
459   0
460   7
461   6
462   7
463   0
464   1
465   4
466   6
467   0
468   5
469   6
470   6
471   7
472   7
473   7
474   7
475   7
476   1
477   7
478   7
479   6
480   7
481   7
482   7
483   0
484   7
485   7
486   0
487   7
488   5
489   7
490   7
491   7
492   5
493   4
494   6
495   6
496   7
497   7
498   7
499   7
500   7
501   7
502   7
503   7
504   0
505   7
506   7
507   7
508   7
509   7
510   7
511   7
512   7
513   7
514   7
515   7
516   0
517   7
518   0
519   0
520   7
521   6
522   1
523   7
524   7
525   7
526   7
527   6
528   0
529   0
530   7
531   0
532   1
533   3
534   4
535   7
536   7
537   7
538   7
539   7
540   0
541   0
542   7
543   7
544   0
545   0
546   0
547   7
548   7
549   6
550   7
551   6
552   7
553   5
554   2
555   7
556   0
557   1
558   0
559   1
560   0
561   0
562   0
563   0
564   7
565   7
566   7
567   7
568   6
569   0
570   0
571   0
572   0
573   0
574   0
575   0
576   1
577   7
578   7
579   7
580   7
581   7
582   0
583   5
584   6
585   0
586   7
587   7
588   5
589   7
590   0
591   0
592   7
593   7
594   7
595   1
596   0
597   0
598   7
599   0
600   7
601   0
602   0
603   6
604   7
605   7
606   0
607   7
608   7
609   0
610   7
611   5
612   6
613   1
614   3
615   6
616   2
617   7
618   2
619   4
620   7
621   6
622   7
623   6
624   7
625   6
626   1
627   6
628   6
629   0
630   0
631   0
632   7
633   2
634   0
635   6
636   7
637   7
638   6
639   0
640   5
641   6
642   7
643   0
644   6
645   7
646   7
647   1
648   0
649   2
650   4
651   7
652   7
653   6
654   5
655   7
656   7
657   7
658   2
659   7
660   5
661   5
662   7
663   7
664   0
665   7
666   7
667   2
668   7
669   0
670   7
671   7
672   3
673   5
674   7
675   3
676   7
677   7
678   7
679   7
680   0
681   0
682   7
683   0
684   2
685   6
686   7
687   6
688   7
689   7
690   3
691   7
692   0
693   0
694   0
695   0
696   7
697   7
698   7
699   7
700   6
701   7
702   5
703   7
704   7
705   6
706   7
707   0
708   7
709   5
710   7
711   7
712   7
713   3
714   7
715   0
716   7
717   7
718   7
719   7
720   7
721   7
722   7
723   7
724   7
725   7
726   7
727   7
728   6
729   7
730   7
731   7
732   7
733   7
734   7
735   7
736   7
737   7
738   7
739   7
740   7
741   4
742   7
743   7
744   7
745   4
746   0
747   4
748   7
749   7
750   5
751   0
752   7
753   7
754   7
755   6
756   3
757   0
758   4
759   7
760   3
761   5
762   1
763   1
764   6
765   7
766   3
767   0
768   7
769   7
770   7
771   5
772   1
773   5
774   6
775   4
776   6
777   7
778   0
779   1
780   7
781   7
782   0
783   0
784   6
785   3
786   2
787   1
788   2
789   6
790   0
791   7
792   6
793   1
794   0
795   7
796   7
797   7
798   0
799   1
800   1
801   1
802   7
803   5
804   3
805   7
806   0
807   7
808   7
809   5
810   6
811   4
812   6
813   7
814   7
815   7
816   3
817   7
818   0
819   7
820   7
821   3
822   3
823   0
824   0
825   1
826   3
827   1
828   7
829   7
830   4
831   6
832   5
833   2
834   0
835   0
836   7
837   2
838   4
839   1
840   2
841   1
842   0
843   0
844   7
845   6
846   3
847   7
848   4
849   7
850   6
851   6
852   7
853   7
854   7
855   7
856   7
857   0
858   7
859   7
860   0
861   2
862   1
863   0
864   0
865   3
866   7
867   7
868   7
869   0
870   5
871   7
872   7
873   0
874   7
875   0
876   0
877   0
878   7
879   4
880   0
881   7
882   7
883   7
884   6
885   1
886   0
887   1
888   6
889   7
890   1
891   6
892   0
893   7
894   7
895   7
896   0
897   0
898   0
899   6
900   0
901   1
902   0
903   5
904   7
905   0
906   0
907   7
908   7
909   7
910   0
911   0
912   6
913   7
914   5
915   6
916   0
917   0
918   0
919   0
920   7
921   7
922   0
923   0
924   4
925   0
926   5
927   7
928   0
929   7
930   0
931   4
932   0
933   0
934   0
935   0
936   7
937   0
938   4
939   6
940   0
941   0
942   0
943   6
944   7
945   0
946   0
947   7
948   0
949   7
950   7
951   6
952   0
953   7
954   2
955   1
956   0
957   0
958   0
959   7
960   7
961   7
962   2
963   7
964   7
965   5
966   7
967   7
968   7
969   0
970   7
971   7
972   5
973   7
974   2
975   7
976   7
977   1
978   7
979   2
980   6
981   7
982   7
983   1
984   7
985   7
986   7
987   7
988   7
989   0
990   4
991   4
992   7
993   2
994   7
995   7
996   7
997   2
998   7
999   7
1000   7
1001   7
1002   7
1003   0
1004   6
1005   7
1006   6
1007   7
1008   7
1009   7
1010   7
1011   7
1012   0
1013   0
1014   7
1015   7
1016   7
1017   6
1018   7
1019   6
1020   7
1021   7
1022   4
1023   7
