COMMAND
./sim gshare 10 2 jpeg_trace.txt
OUTPUT
number of predictions:		2000000
number of mispredictions:	157424
misprediction rate:		7.87%
FINAL GSHARE CONTENTS
0   4
1   4
2   4
3   4
4   4
5   4
6   7
7   4
8   7
9   7
10   7
11   6
12   0
13   2
14   0
15   2
16   1
17   7
18   7
19   7
20   7
21   2
22   6
23   6
24   0
25   6
26   0
27   0
28   7
29   4
30   7
31   3
32   7
33   6
34   7
35   4
36   6
37   7
38   7
39   7
40   7
41   0
42   7
43   7
44   7
45   5
46   0
47   7
48   6
49   6
50   7
51   2
52   5
53   0
54   6
55   6
56   3
57   4
58   6
59   5
60   0
61   1
62   7
63   4
64   0
65   7
66   0
67   0
68   6
69   7
70   7
71   4
72   7
73   7
74   7
75   6
76   7
77   6
78   7
79   7
80   7
81   7
82   0
83   7
84   0
85   0
86   2
87   0
88   7
89   4
90   4
91   4
92   5
93   7
94   4
95   0
96   7
97   0
98   7
99   0
100   7
101   0
102   7
103   6
104   0
105   0
106   0
107   0
108   7
109   1
110   4
111   0
112   7
113   3
114   7
115   1
116   0
117   0
118   0
119   0
120   4
121   7
122   7
123   7
124   0
125   7
126   7
127   0
128   7
129   7
130   4
131   0
132   5
133   7
134   7
135   5
136   0
137   6
138   7
139   7
140   7
141   7
142   6
143   7
144   7
145   7
146   7
147   6
148   6
149   7
150   4
151   7
152   7
153   5
154   5
155   7
156   0
157   5
158   4
159   4
160   4
161   3
162   0
163   5
164   0
165   0
166   7
167   6
168   6
169   5
170   7
171   0
172   5
173   6
174   7
175   5
176   7
177   5
178   7
179   0
180   0
181   0
182   7
183   1
184   4
185   7
186   7
187   6
188   6
189   6
190   7
191   7
192   0
193   7
194   4
195   7
196   7
197   4
198   7
199   7
200   0
201   6
202   7
203   0
204   6
205   7
206   4
207   6
208   4
209   1
210   6
211   7
212   0
213   0
214   0
215   0
216   0
217   7
218   7
219   0
220   7
221   5
222   7
223   6
224   0
225   7
226   7
227   7
228   1
229   6
230   0
231   5
232   5
233   1
234   7
235   4
236   2
237   7
238   2
239   7
240   6
241   7
242   1
243   7
244   6
245   5
246   6
247   7
248   0
249   0
250   7
251   0
252   2
253   4
254   6
255   0
256   7
257   1
258   6
259   0
260   6
261   5
262   7
263   1
264   6
265   0
266   3
267   0
268   0
269   0
270   0
271   0
272   4
273   1
274   4
275   3
276   3
277   0
278   4
279   4
280   0
281   7
282   6
283   0
284   0
285   0
286   6
287   7
288   7
289   0
290   7
291   0
292   7
293   6
294   7
295   7
296   7
297   4
298   7
299   1
300   5
301   1
302   0
303   6
304   7
305   0
306   5
307   0
308   0
309   7
310   6
311   7
312   7
313   7
314   7
315   6
316   7
317   0
318   7
319   7
320   3
321   7
322   3
323   6
324   4
325   6
326   4
327   7
328   5
329   2
330   4
331   7
332   7
333   7
334   0
335   2
336   7
337   7
338   4
339   7
340   6
341   4
342   7
343   6
344   7
345   6
346   1
347   2
348   1
349   3
350   5
351   0
352   2
353   5
354   6
355   0
356   4
357   0
358   0
359   4
360   7
361   5
362   7
363   7
364   6
365   0
366   6
367   1
368   2
369   0
370   3
371   4
372   7
373   2
374   7
375   0
376   4
377   7
378   4
379   2
380   0
381   0
382   0
383   7
384   7
385   2
386   7
387   7
388   1
389   6
390   7
391   7
392   7
393   7
394   6
395   7
396   5
397   4
398   6
399   7
400   0
401   7
402   6
403   6
404   4
405   4
406   4
407   5
408   1
409   3
410   1
411   7
412   7
413   0
414   7
415   6
416   1
417   4
418   3
419   6
420   7
421   3
422   0
423   2
424   1
425   7
426   7
427   0
428   4
429   1
430   3
431   6
432   4
433   4
434   4
435   0
436   2
437   7
438   7
439   7
440   4
441   6
442   1
443   0
444   2
445   0
446   7
447   1
448   7
449   7
450   7
451   6
452   0
453   4
454   4
455   4
456   0
457   7
458   6
459   0
460   4
461   0
462   4
463   6
464   0
465   6
466   6
467   0
468   4
469   2
470   7
471   6
472   4
473   5
474   4
475   0
476   0
477   0
478   1
479   4
480   0
481   0
482   4
483   0
484   6
485   7
486   7
487   7
488   0
489   6
490   6
491   5
492   1
493   0
494   0
495   0
496   5
497   1
498   2
499   0
500   0
501   2
502   0
503   0
504   7
505   4
506   0
507   4
508   7
509   4
510   7
511   7
512   6
513   1
514   7
515   7
516   0
517   7
518   7
519   7
520   3
521   2
522   0
523   0
524   7
525   6
526   7
527   0
528   3
529   7
530   0
531   5
532   4
533   6
534   4
535   4
536   4
537   6
538   4
539   7
540   7
541   4
542   7
543   4
544   4
545   7
546   4
547   4
548   7
549   6
550   7
551   0
552   0
553   7
554   6
555   7
556   4
557   4
558   6
559   0
560   1
561   6
562   7
563   1
564   7
565   4
566   7
567   7
568   5
569   4
570   4
571   4
572   4
573   7
574   7
575   4
576   5
577   7
578   3
579   0
580   4
581   7
582   2
583   0
584   4
585   6
586   4
587   7
588   0
589   7
590   4
591   5
592   1
593   3
594   4
595   0
596   7
597   7
598   0
599   4
600   6
601   7
602   7
603   6
604   1
605   7
606   3
607   0
608   0
609   7
610   0
611   0
612   0
613   0
614   0
615   5
616   4
617   4
618   4
619   4
620   0
621   0
622   2
623   1
624   6
625   6
626   7
627   7
628   0
629   1
630   2
631   0
632   7
633   7
634   6
635   5
636   0
637   4
638   7
639   0
640   0
641   7
642   6
643   7
644   4
645   7
646   1
647   3
648   7
649   2
650   4
651   7
652   7
653   6
654   7
655   4
656   7
657   7
658   3
659   1
660   5
661   7
662   4
663   6
664   4
665   7
666   4
667   4
668   4
669   5
670   1
671   7
672   0
673   7
674   6
675   6
676   6
677   6
678   5
679   4
680   4
681   3
682   4
683   5
684   0
685   3
686   7
687   2
688   5
689   0
690   0
691   0
692   0
693   7
694   7
695   7
696   1
697   0
698   0
699   5
700   0
701   0
702   7
703   0
704   7
705   7
706   6
707   7
708   2
709   0
710   7
711   6
712   7
713   7
714   7
715   0
716   0
717   5
718   7
719   6
720   0
721   4
722   5
723   0
724   5
725   0
726   7
727   7
728   7
729   4
730   7
731   5
732   4
733   0
734   0
735   7
736   1
737   7
738   5
739   0
740   4
741   7
742   7
743   7
744   6
745   0
746   0
747   0
748   7
749   0
750   0
751   0
752   6
753   0
754   3
755   6
756   0
757   7
758   0
759   7
760   4
761   0
762   6
763   6
764   7
765   6
766   2
767   0
768   0
769   0
770   0
771   4
772   6
773   0
774   4
775   7
776   7
777   7
778   7
779   3
780   4
781   7
782   7
783   7
784   6
785   4
786   7
787   7
788   4
789   4
790   0
791   4
792   4
793   4
794   4
795   4
796   3
797   4
798   7
799   0
800   7
801   3
802   6
803   7
804   2
805   3
806   6
807   0
808   0
809   7
810   7
811   7
812   4
813   6
814   7
815   7
816   7
817   0
818   4
819   7
820   7
821   7
822   7
823   6
824   1
825   7
826   5
827   3
828   7
829   7
830   6
831   5
832   4
833   7
834   6
835   7
836   7
837   6
838   4
839   7
840   6
841   7
842   5
843   7
844   0
845   0
846   0
847   2
848   0
849   0
850   4
851   4
852   0
853   7
854   7
855   7
856   4
857   6
858   0
859   6
860   0
861   4
862   0
863   4
864   6
865   3
866   0
867   3
868   0
869   7
870   6
871   7
872   6
873   1
874   7
875   7
876   2
877   5
878   4
879   7
880   0
881   7
882   4
883   4
884   4
885   0
886   0
887   7
888   6
889   7
890   7
891   0
892   7
893   6
894   0
895   1
896   4
897   4
898   7
899   4
900   5
901   4
902   6
903   4
904   2
905   1
906   7
907   6
908   7
909   4
910   7
911   6
912   6
913   4
914   6
915   7
916   7
917   7
918   7
919   7
920   4
921   6
922   5
923   7
924   7
925   7
926   7
927   3
928   0
929   7
930   6
931   6
932   7
933   7
934   7
935   2
936   4
937   7
938   4
939   4
940   2
941   7
942   7
943   0
944   5
945   6
946   7
947   4
948   4
949   7
950   0
951   6
952   0
953   4
954   0
955   0
956   7
957   6
958   7
959   7
960   6
961   7
962   7
963   6
964   0
965   0
966   1
967   3
968   1
969   6
970   7
971   7
972   7
973   7
974   7
975   4
976   4
977   4
978   1
979   7
980   0
981   6
982   1
983   4
984   0
985   0
986   6
987   7
988   6
989   4
990   3
991   7
992   7
993   0
994   0
995   4
996   4
997   7
998   7
999   1
1000   7
1001   3
1002   7
1003   7
1004   0
1005   7
1006   7
1007   4
1008   7
1009   6
1010   1
1011   7
1012   7
1013   7
1014   1
1015   1
1016   0
1017   6
1018   7
1019   7
1020   7
1021   7
1022   7
1023   6
