COMMAND
./sim gshare 10 4 jpeg_trace.txt
OUTPUT
number of predictions:		2000000
number of mispredictions:	159310
misprediction rate:		7.97%
FINAL GSHARE CONTENTS
0   0
1   1
2   6
3   1
4   4
5   7
6   2
7   0
8   4
9   5
10   7
11   0
12   6
13   0
14   2
15   0
16   0
17   0
18   0
19   7
20   7
21   7
22   7
23   7
24   5
25   0
26   6
27   7
28   0
29   7
30   1
31   6
32   5
33   7
34   7
35   7
36   0
37   1
38   0
39   7
40   6
41   7
42   7
43   7
44   7
45   7
46   4
47   4
48   1
49   7
50   7
51   2
52   7
53   1
54   4
55   7
56   6
57   7
58   2
59   7
60   7
61   7
62   1
63   1
64   7
65   0
66   7
67   2
68   0
69   7
70   0
71   3
72   7
73   7
74   7
75   1
76   2
77   7
78   6
79   7
80   7
81   7
82   0
83   0
84   3
85   7
86   4
87   1
88   0
89   0
90   5
91   0
92   0
93   0
94   0
95   0
96   7
97   0
98   0
99   6
100   7
101   7
102   2
103   7
104   4
105   0
106   0
107   0
108   0
109   7
110   0
111   7
112   0
113   1
114   0
115   0
116   0
117   7
118   0
119   0
120   4
121   7
122   7
123   0
124   3
125   0
126   0
127   0
128   7
129   4
130   5
131   7
132   7
133   1
134   7
135   7
136   0
137   7
138   7
139   5
140   7
141   1
142   6
143   7
144   7
145   7
146   7
147   7
148   7
149   7
150   7
151   7
152   4
153   7
154   0
155   7
156   0
157   7
158   7
159   6
160   4
161   0
162   4
163   0
164   5
165   0
166   0
167   4
168   7
169   7
170   7
171   6
172   7
173   7
174   5
175   7
176   1
177   0
178   7
179   2
180   7
181   7
182   7
183   7
184   3
185   0
186   4
187   0
188   7
189   2
190   6
191   4
192   0
193   4
194   7
195   7
196   7
197   7
198   4
199   6
200   3
201   0
202   6
203   7
204   0
205   4
206   3
207   5
208   0
209   7
210   7
211   6
212   1
213   0
214   5
215   5
216   0
217   7
218   4
219   0
220   0
221   0
222   0
223   0
224   6
225   6
226   0
227   7
228   6
229   4
230   1
231   7
232   1
233   7
234   7
235   7
236   2
237   7
238   6
239   0
240   5
241   4
242   1
243   0
244   7
245   2
246   7
247   4
248   0
249   7
250   0
251   0
252   0
253   7
254   7
255   7
256   7
257   7
258   6
259   0
260   0
261   0
262   0
263   7
264   6
265   7
266   7
267   2
268   2
269   7
270   7
271   7
272   0
273   5
274   0
275   0
276   0
277   7
278   6
279   0
280   6
281   5
282   0
283   3
284   3
285   0
286   7
287   7
288   0
289   0
290   0
291   6
292   7
293   7
294   7
295   7
296   7
297   6
298   5
299   0
300   7
301   6
302   6
303   0
304   7
305   7
306   6
307   7
308   7
309   0
310   7
311   7
312   1
313   6
314   0
315   7
316   7
317   7
318   0
319   0
320   6
321   2
322   7
323   0
324   7
325   7
326   7
327   7
328   0
329   0
330   1
331   7
332   7
333   7
334   0
335   0
336   4
337   4
338   7
339   0
340   7
341   5
342   7
343   2
344   5
345   6
346   1
347   7
348   7
349   7
350   6
351   6
352   3
353   4
354   7
355   4
356   4
357   3
358   7
359   0
360   4
361   4
362   0
363   0
364   4
365   4
366   0
367   7
368   0
369   7
370   1
371   2
372   0
373   6
374   6
375   7
376   4
377   0
378   6
379   7
380   0
381   7
382   4
383   7
384   7
385   0
386   7
387   6
388   6
389   7
390   2
391   6
392   7
393   7
394   7
395   7
396   7
397   7
398   3
399   7
400   7
401   4
402   7
403   6
404   7
405   7
406   7
407   3
408   0
409   7
410   0
411   1
412   7
413   4
414   7
415   6
416   5
417   4
418   1
419   7
420   0
421   2
422   5
423   7
424   4
425   4
426   7
427   4
428   2
429   2
430   7
431   7
432   0
433   7
434   1
435   0
436   0
437   1
438   3
439   4
440   7
441   6
442   2
443   0
444   7
445   4
446   6
447   4
448   0
449   7
450   0
451   7
452   0
453   0
454   0
455   0
456   6
457   6
458   5
459   7
460   2
461   6
462   7
463   6
464   4
465   0
466   6
467   0
468   0
469   5
470   7
471   7
472   0
473   3
474   0
475   1
476   0
477   1
478   1
479   0
480   6
481   1
482   7
483   0
484   4
485   4
486   4
487   7
488   0
489   7
490   7
491   7
492   6
493   7
494   0
495   6
496   0
497   1
498   0
499   7
500   3
501   4
502   7
503   6
504   7
505   7
506   7
507   7
508   0
509   5
510   7
511   7
512   7
513   6
514   7
515   2
516   1
517   5
518   7
519   7
520   1
521   7
522   7
523   7
524   0
525   7
526   1
527   7
528   7
529   4
530   7
531   4
532   0
533   7
534   7
535   7
536   7
537   4
538   1
539   7
540   4
541   4
542   4
543   7
544   4
545   7
546   7
547   4
548   7
549   7
550   6
551   7
552   7
553   6
554   6
555   4
556   4
557   0
558   5
559   0
560   4
561   7
562   7
563   7
564   5
565   4
566   4
567   4
568   4
569   4
570   7
571   4
572   4
573   1
574   7
575   4
576   0
577   1
578   4
579   0
580   7
581   2
582   2
583   7
584   4
585   1
586   0
587   7
588   6
589   4
590   0
591   7
592   7
593   0
594   6
595   0
596   2
597   5
598   7
599   7
600   7
601   3
602   0
603   0
604   5
605   7
606   7
607   6
608   0
609   0
610   0
611   0
612   1
613   1
614   1
615   2
616   0
617   4
618   3
619   0
620   0
621   0
622   0
623   1
624   0
625   5
626   7
627   7
628   0
629   7
630   1
631   7
632   7
633   7
634   7
635   6
636   6
637   7
638   0
639   2
640   7
641   6
642   0
643   7
644   7
645   7
646   0
647   4
648   7
649   6
650   1
651   7
652   0
653   3
654   7
655   7
656   6
657   7
658   0
659   6
660   7
661   6
662   4
663   7
664   5
665   4
666   7
667   3
668   5
669   5
670   0
671   6
672   4
673   0
674   0
675   6
676   7
677   4
678   7
679   0
680   6
681   0
682   0
683   7
684   0
685   6
686   6
687   7
688   3
689   0
690   0
691   4
692   5
693   7
694   4
695   0
696   0
697   5
698   0
699   7
700   0
701   0
702   1
703   0
704   7
705   6
706   3
707   7
708   7
709   7
710   7
711   0
712   6
713   7
714   7
715   7
716   1
717   6
718   6
719   4
720   0
721   5
722   7
723   6
724   7
725   3
726   7
727   1
728   3
729   7
730   7
731   7
732   7
733   7
734   4
735   7
736   7
737   0
738   0
739   6
740   6
741   0
742   0
743   5
744   7
745   7
746   5
747   0
748   4
749   0
750   6
751   0
752   0
753   0
754   0
755   6
756   7
757   0
758   6
759   6
760   0
761   6
762   5
763   2
764   0
765   7
766   0
767   0
768   0
769   4
770   0
771   7
772   7
773   7
774   7
775   7
776   2
777   7
778   4
779   7
780   1
781   0
782   1
783   7
784   2
785   6
786   7
787   5
788   7
789   3
790   4
791   4
792   7
793   7
794   6
795   0
796   6
797   6
798   7
799   4
800   7
801   7
802   7
803   7
804   4
805   7
806   6
807   6
808   7
809   7
810   2
811   7
812   3
813   7
814   5
815   7
816   5
817   4
818   6
819   6
820   5
821   7
822   6
823   7
824   6
825   6
826   7
827   3
828   4
829   4
830   6
831   0
832   0
833   7
834   7
835   7
836   7
837   2
838   0
839   3
840   7
841   0
842   0
843   7
844   0
845   7
846   6
847   0
848   7
849   0
850   4
851   0
852   7
853   0
854   0
855   6
856   4
857   7
858   0
859   3
860   0
861   5
862   0
863   6
864   4
865   0
866   6
867   7
868   7
869   6
870   7
871   7
872   3
873   4
874   1
875   7
876   4
877   4
878   0
879   4
880   7
881   6
882   0
883   6
884   6
885   7
886   0
887   7
888   7
889   0
890   0
891   6
892   0
893   6
894   1
895   0
896   3
897   6
898   7
899   1
900   7
901   7
902   7
903   4
904   4
905   6
906   5
907   4
908   2
909   7
910   3
911   7
912   7
913   7
914   7
915   7
916   7
917   6
918   6
919   6
920   7
921   7
922   6
923   4
924   6
925   7
926   7
927   6
928   4
929   7
930   1
931   1
932   5
933   7
934   4
935   4
936   2
937   7
938   7
939   7
940   1
941   2
942   0
943   7
944   1
945   7
946   3
947   7
948   7
949   7
950   0
951   7
952   7
953   7
954   2
955   7
956   7
957   7
958   4
959   7
960   7
961   7
962   7
963   3
964   6
965   7
966   7
967   7
968   7
969   7
970   7
971   7
972   4
973   7
974   7
975   7
976   0
977   0
978   1
979   1
980   0
981   0
982   0
983   7
984   7
985   7
986   6
987   7
988   0
989   0
990   1
991   7
992   4
993   7
994   2
995   6
996   7
997   4
998   7
999   4
1000   7
1001   7
1002   5
1003   0
1004   6
1005   3
1006   7
1007   7
1008   3
1009   1
1010   7
1011   7
1012   4
1013   7
1014   7
1015   7
1016   7
1017   7
1018   4
1019   4
1020   7
1021   6
1022   6
1023   7
