COMMAND
./sim gshare 10 6 jpeg_trace.txt
OUTPUT
number of predictions:		2000000
number of mispredictions:	167470
misprediction rate:		8.37%
FINAL GSHARE CONTENTS
0   5
1   6
2   6
3   2
4   1
5   7
6   0
7   1
8   0
9   3
10   7
11   0
12   7
13   7
14   7
15   7
16   7
17   7
18   7
19   7
20   7
21   3
22   2
23   4
24   6
25   7
26   7
27   6
28   7
29   7
30   7
31   7
32   0
33   6
34   7
35   3
36   7
37   7
38   1
39   6
40   7
41   3
42   7
43   4
44   1
45   2
46   0
47   4
48   7
49   0
50   7
51   6
52   7
53   7
54   7
55   7
56   1
57   0
58   7
59   0
60   7
61   0
62   7
63   1
64   6
65   7
66   0
67   6
68   0
69   7
70   7
71   0
72   7
73   4
74   0
75   3
76   7
77   3
78   0
79   0
80   4
81   4
82   7
83   3
84   7
85   0
86   0
87   6
88   7
89   7
90   7
91   4
92   0
93   6
94   7
95   6
96   7
97   3
98   0
99   7
100   0
101   0
102   7
103   1
104   1
105   7
106   0
107   3
108   6
109   0
110   1
111   5
112   1
113   7
114   0
115   1
116   0
117   0
118   0
119   0
120   0
121   0
122   0
123   0
124   0
125   0
126   7
127   0
128   2
129   1
130   7
131   3
132   0
133   4
134   4
135   7
136   7
137   7
138   7
139   7
140   6
141   6
142   7
143   7
144   0
145   7
146   7
147   7
148   7
149   7
150   7
151   6
152   2
153   6
154   7
155   7
156   7
157   7
158   7
159   7
160   7
161   0
162   7
163   7
164   7
165   7
166   7
167   7
168   0
169   3
170   7
171   7
172   7
173   7
174   7
175   6
176   7
177   7
178   7
179   7
180   7
181   7
182   7
183   1
184   7
185   7
186   7
187   7
188   7
189   7
190   7
191   7
192   3
193   7
194   6
195   7
196   1
197   0
198   2
199   2
200   0
201   1
202   0
203   7
204   6
205   6
206   7
207   7
208   1
209   4
210   2
211   0
212   0
213   6
214   7
215   0
216   7
217   7
218   2
219   7
220   0
221   7
222   7
223   0
224   7
225   7
226   7
227   4
228   0
229   6
230   0
231   5
232   7
233   0
234   0
235   4
236   0
237   0
238   0
239   0
240   0
241   5
242   6
243   7
244   7
245   0
246   3
247   0
248   7
249   0
250   6
251   7
252   0
253   7
254   0
255   0
256   1
257   2
258   0
259   7
260   7
261   0
262   7
263   7
264   6
265   1
266   7
267   0
268   7
269   7
270   7
271   0
272   1
273   7
274   7
275   7
276   7
277   7
278   7
279   0
280   7
281   5
282   7
283   7
284   6
285   7
286   0
287   0
288   1
289   7
290   2
291   6
292   2
293   0
294   0
295   7
296   1
297   0
298   4
299   5
300   4
301   1
302   7
303   0
304   7
305   7
306   0
307   3
308   7
309   5
310   0
311   7
312   6
313   7
314   5
315   7
316   7
317   7
318   7
319   7
320   3
321   0
322   0
323   7
324   4
325   6
326   7
327   7
328   7
329   3
330   6
331   1
332   7
333   7
334   7
335   7
336   7
337   0
338   0
339   4
340   4
341   5
342   7
343   7
344   0
345   7
346   7
347   0
348   2
349   7
350   5
351   7
352   7
353   0
354   7
355   0
356   7
357   7
358   7
359   6
360   1
361   6
362   0
363   7
364   7
365   6
366   7
367   6
368   0
369   1
370   7
371   0
372   0
373   2
374   7
375   5
376   4
377   0
378   7
379   0
380   2
381   2
382   6
383   0
384   0
385   1
386   0
387   6
388   7
389   7
390   1
391   4
392   6
393   4
394   1
395   0
396   7
397   3
398   6
399   1
400   4
401   7
402   1
403   0
404   1
405   6
406   7
407   6
408   5
409   5
410   0
411   3
412   2
413   4
414   6
415   7
416   7
417   6
418   7
419   6
420   7
421   7
422   7
423   4
424   7
425   7
426   7
427   7
428   7
429   7
430   7
431   6
432   7
433   7
434   2
435   4
436   7
437   5
438   7
439   7
440   0
441   4
442   1
443   3
444   7
445   7
446   6
447   7
448   0
449   7
450   7
451   7
452   2
453   1
454   4
455   7
456   2
457   3
458   5
459   4
460   4
461   7
462   7
463   7
464   0
465   0
466   7
467   4
468   5
469   0
470   2
471   7
472   4
473   2
474   0
475   0
476   7
477   7
478   0
479   7
480   0
481   3
482   0
483   1
484   1
485   4
486   7
487   0
488   7
489   0
490   1
491   0
492   0
493   0
494   1
495   7
496   7
497   0
498   1
499   3
500   6
501   6
502   1
503   7
504   4
505   0
506   7
507   7
508   0
509   1
510   7
511   7
512   4
513   7
514   2
515   7
516   5
517   0
518   7
519   6
520   4
521   0
522   7
523   0
524   2
525   4
526   7
527   0
528   4
529   7
530   7
531   0
532   7
533   7
534   6
535   7
536   7
537   7
538   0
539   4
540   0
541   3
542   7
543   7
544   7
545   0
546   6
547   6
548   6
549   7
550   7
551   6
552   1
553   7
554   3
555   0
556   7
557   0
558   7
559   5
560   7
561   6
562   7
563   7
564   7
565   2
566   6
567   7
568   0
569   6
570   7
571   7
572   7
573   7
574   7
575   7
576   1
577   0
578   0
579   1
580   1
581   0
582   1
583   2
584   7
585   0
586   0
587   0
588   6
589   7
590   6
591   2
592   7
593   0
594   1
595   0
596   2
597   0
598   5
599   3
600   0
601   0
602   4
603   0
604   6
605   7
606   1
607   7
608   7
609   0
610   2
611   7
612   1
613   0
614   7
615   6
616   3
617   2
618   1
619   7
620   5
621   0
622   1
623   7
624   0
625   1
626   2
627   1
628   7
629   0
630   4
631   7
632   7
633   1
634   6
635   7
636   7
637   5
638   2
639   7
640   3
641   3
642   0
643   6
644   6
645   7
646   0
647   4
648   6
649   7
650   0
651   0
652   0
653   0
654   0
655   7
656   7
657   7
658   7
659   5
660   0
661   7
662   7
663   7
664   7
665   7
666   7
667   6
668   0
669   0
670   5
671   5
672   6
673   0
674   0
675   0
676   3
677   0
678   6
679   1
680   7
681   7
682   1
683   3
684   5
685   4
686   0
687   0
688   0
689   0
690   0
691   0
692   6
693   6
694   7
695   0
696   5
697   7
698   0
699   6
700   0
701   4
702   0
703   1
704   0
705   6
706   7
707   7
708   6
709   7
710   6
711   0
712   7
713   7
714   7
715   7
716   6
717   4
718   6
719   7
720   7
721   6
722   0
723   7
724   2
725   1
726   7
727   3
728   2
729   5
730   2
731   7
732   0
733   0
734   5
735   2
736   0
737   6
738   6
739   6
740   1
741   5
742   5
743   7
744   0
745   7
746   0
747   7
748   1
749   7
750   1
751   0
752   0
753   5
754   0
755   7
756   7
757   6
758   7
759   7
760   0
761   0
762   2
763   7
764   0
765   0
766   0
767   0
768   7
769   6
770   7
771   7
772   7
773   0
774   5
775   4
776   7
777   7
778   7
779   7
780   6
781   0
782   5
783   7
784   1
785   7
786   3
787   7
788   0
789   3
790   0
791   7
792   7
793   7
794   4
795   7
796   7
797   7
798   5
799   7
800   7
801   0
802   7
803   0
804   5
805   6
806   3
807   6
808   7
809   7
810   7
811   6
812   7
813   7
814   6
815   7
816   6
817   7
818   7
819   6
820   6
821   7
822   7
823   7
824   7
825   7
826   5
827   6
828   2
829   4
830   5
831   7
832   1
833   7
834   6
835   7
836   6
837   7
838   7
839   7
840   7
841   7
842   2
843   7
844   0
845   6
846   7
847   7
848   3
849   7
850   2
851   1
852   5
853   4
854   7
855   5
856   3
857   6
858   3
859   0
860   1
861   0
862   5
863   4
864   2
865   7
866   4
867   7
868   0
869   7
870   0
871   2
872   7
873   7
874   0
875   6
876   0
877   4
878   4
879   0
880   6
881   6
882   7
883   7
884   0
885   2
886   7
887   4
888   0
889   7
890   0
891   3
892   2
893   7
894   0
895   7
896   7
897   7
898   7
899   6
900   7
901   7
902   6
903   3
904   7
905   7
906   2
907   7
908   7
909   7
910   7
911   4
912   7
913   6
914   5
915   7
916   6
917   3
918   0
919   1
920   1
921   5
922   6
923   7
924   7
925   4
926   7
927   6
928   7
929   7
930   7
931   7
932   7
933   6
934   7
935   7
936   6
937   7
938   7
939   7
940   7
941   7
942   6
943   7
944   7
945   7
946   6
947   5
948   7
949   7
950   4
951   2
952   6
953   7
954   7
955   7
956   6
957   7
958   7
959   7
960   7
961   7
962   7
963   7
964   3
965   7
966   0
967   7
968   7
969   7
970   6
971   7
972   7
973   6
974   7
975   7
976   1
977   7
978   7
979   6
980   1
981   1
982   7
983   7
984   7
985   1
986   7
987   7
988   5
989   7
990   7
991   4
992   0
993   5
994   0
995   2
996   2
997   0
998   0
999   3
1000   5
1001   3
1002   7
1003   7
1004   7
1005   7
1006   7
1007   7
1008   0
1009   2
1010   6
1011   4
1012   7
1013   7
1014   6
1015   7
1016   7
1017   7
1018   7
1019   7
1020   7
1021   5
1022   7
1023   7
