COMMAND
./sim gshare 10 8 jpeg_trace.txt
OUTPUT
number of predictions:		2000000
number of mispredictions:	161087
misprediction rate:		8.05%
FINAL GSHARE CONTENTS
0   7
1   0
2   7
3   7
4   1
5   0
6   0
7   7
8   0
9   0
10   6
11   4
12   0
13   0
14   7
15   0
16   7
17   6
18   7
19   6
20   2
21   7
22   7
23   6
24   7
25   7
26   1
27   7
28   7
29   7
30   2
31   7
32   4
33   1
34   6
35   7
36   0
37   7
38   0
39   1
40   6
41   7
42   7
43   0
44   6
45   5
46   5
47   7
48   1
49   5
50   1
51   1
52   7
53   7
54   0
55   4
56   0
57   0
58   7
59   1
60   7
61   1
62   7
63   7
64   7
65   0
66   7
67   7
68   1
69   0
70   7
71   7
72   7
73   6
74   7
75   7
76   7
77   7
78   4
79   7
80   7
81   7
82   7
83   6
84   0
85   6
86   0
87   5
88   7
89   0
90   7
91   1
92   0
93   0
94   0
95   0
96   3
97   0
98   3
99   7
100   6
101   6
102   3
103   7
104   0
105   1
106   1
107   7
108   7
109   7
110   0
111   7
112   1
113   7
114   7
115   0
116   5
117   0
118   3
119   0
120   5
121   7
122   7
123   7
124   4
125   2
126   7
127   7
128   7
129   7
130   7
131   7
132   7
133   7
134   7
135   7
136   4
137   7
138   7
139   3
140   7
141   5
142   1
143   7
144   7
145   4
146   0
147   7
148   6
149   2
150   7
151   1
152   7
153   7
154   6
155   7
156   4
157   7
158   7
159   3
160   7
161   7
162   7
163   7
164   7
165   6
166   7
167   7
168   4
169   0
170   7
171   0
172   6
173   7
174   7
175   4
176   0
177   7
178   7
179   0
180   0
181   7
182   0
183   6
184   6
185   7
186   0
187   7
188   6
189   7
190   6
191   0
192   1
193   0
194   7
195   0
196   0
197   0
198   0
199   0
200   7
201   7
202   7
203   7
204   0
205   7
206   0
207   0
208   0
209   6
210   6
211   7
212   7
213   7
214   7
215   3
216   1
217   0
218   7
219   7
220   0
221   6
222   1
223   0
224   7
225   7
226   7
227   7
228   7
229   7
230   7
231   7
232   7
233   2
234   7
235   7
236   7
237   7
238   7
239   7
240   1
241   7
242   7
243   7
244   7
245   7
246   7
247   7
248   7
249   7
250   7
251   3
252   7
253   0
254   7
255   4
256   0
257   1
258   7
259   7
260   7
261   7
262   7
263   7
264   3
265   7
266   6
267   0
268   4
269   0
270   3
271   7
272   5
273   7
274   0
275   5
276   7
277   7
278   7
279   1
280   0
281   0
282   1
283   7
284   7
285   0
286   7
287   0
288   7
289   7
290   7
291   7
292   7
293   7
294   7
295   0
296   3
297   7
298   7
299   1
300   7
301   7
302   7
303   6
304   4
305   0
306   7
307   6
308   4
309   7
310   4
311   0
312   3
313   0
314   2
315   0
316   7
317   0
318   1
319   5
320   0
321   0
322   7
323   1
324   1
325   0
326   0
327   0
328   7
329   7
330   0
331   3
332   4
333   7
334   5
335   0
336   7
337   7
338   7
339   6
340   7
341   7
342   4
343   3
344   7
345   7
346   0
347   7
348   7
349   7
350   0
351   7
352   7
353   7
354   6
355   7
356   7
357   7
358   7
359   7
360   7
361   7
362   0
363   0
364   5
365   2
366   7
367   4
368   6
369   7
370   3
371   4
372   6
373   7
374   7
375   7
376   7
377   6
378   7
379   7
380   7
381   6
382   0
383   7
384   7
385   7
386   7
387   7
388   7
389   7
390   7
391   7
392   7
393   7
394   3
395   6
396   7
397   7
398   0
399   0
400   7
401   7
402   7
403   7
404   0
405   7
406   0
407   1
408   0
409   6
410   0
411   7
412   7
413   0
414   0
415   0
416   0
417   3
418   0
419   0
420   0
421   0
422   0
423   0
424   0
425   0
426   1
427   7
428   0
429   7
430   0
431   7
432   7
433   0
434   7
435   0
436   7
437   7
438   5
439   0
440   2
441   6
442   5
443   7
444   1
445   6
446   7
447   0
448   1
449   3
450   0
451   7
452   7
453   7
454   7
455   7
456   5
457   1
458   0
459   6
460   7
461   7
462   6
463   2
464   7
465   7
466   1
467   7
468   7
469   7
470   7
471   7
472   4
473   7
474   6
475   5
476   6
477   0
478   6
479   0
480   4
481   7
482   7
483   4
484   7
485   7
486   7
487   7
488   7
489   7
490   0
491   5
492   5
493   6
494   0
495   4
496   7
497   7
498   7
499   0
500   7
501   7
502   7
503   5
504   6
505   1
506   7
507   7
508   7
509   7
510   0
511   6
512   6
513   7
514   7
515   7
516   7
517   6
518   7
519   7
520   6
521   1
522   0
523   0
524   7
525   7
526   6
527   7
528   7
529   6
530   7
531   7
532   5
533   7
534   7
535   6
536   0
537   0
538   7
539   7
540   7
541   7
542   6
543   2
544   7
545   7
546   7
547   7
548   0
549   0
550   4
551   6
552   1
553   7
554   7
555   7
556   7
557   7
558   6
559   7
560   7
561   7
562   7
563   7
564   0
565   7
566   6
567   7
568   0
569   4
570   3
571   7
572   7
573   7
574   0
575   7
576   0
577   0
578   3
579   0
580   0
581   0
582   0
583   7
584   7
585   7
586   0
587   7
588   0
589   0
590   2
591   5
592   0
593   7
594   7
595   0
596   0
597   6
598   7
599   2
600   7
601   7
602   7
603   1
604   0
605   2
606   7
607   7
608   0
609   1
610   7
611   0
612   0
613   1
614   3
615   2
616   0
617   1
618   4
619   0
620   7
621   3
622   6
623   7
624   7
625   0
626   0
627   3
628   0
629   6
630   7
631   7
632   7
633   6
634   7
635   7
636   6
637   7
638   4
639   7
640   7
641   7
642   3
643   5
644   7
645   2
646   6
647   7
648   1
649   7
650   0
651   7
652   6
653   7
654   4
655   7
656   1
657   6
658   7
659   5
660   0
661   0
662   7
663   6
664   1
665   1
666   0
667   7
668   0
669   0
670   1
671   0
672   5
673   0
674   0
675   0
676   7
677   0
678   7
679   7
680   1
681   0
682   1
683   0
684   0
685   0
686   5
687   1
688   0
689   5
690   7
691   6
692   5
693   3
694   1
695   7
696   2
697   0
698   2
699   2
700   7
701   5
702   0
703   0
704   0
705   1
706   6
707   2
708   6
709   6
710   7
711   6
712   7
713   0
714   7
715   0
716   7
717   0
718   7
719   0
720   1
721   7
722   7
723   0
724   7
725   7
726   6
727   7
728   7
729   2
730   7
731   6
732   0
733   6
734   7
735   7
736   0
737   0
738   5
739   0
740   6
741   0
742   6
743   5
744   6
745   7
746   2
747   6
748   0
749   2
750   7
751   6
752   7
753   1
754   7
755   7
756   5
757   7
758   7
759   7
760   0
761   6
762   6
763   6
764   2
765   7
766   3
767   0
768   7
769   7
770   7
771   5
772   6
773   7
774   6
775   4
776   4
777   7
778   4
779   7
780   0
781   7
782   1
783   7
784   7
785   7
786   7
787   6
788   7
789   0
790   7
791   6
792   6
793   6
794   7
795   4
796   7
797   7
798   6
799   7
800   7
801   2
802   0
803   0
804   7
805   0
806   7
807   7
808   7
809   1
810   7
811   6
812   7
813   7
814   0
815   7
816   7
817   2
818   6
819   3
820   7
821   7
822   7
823   4
824   0
825   6
826   6
827   0
828   4
829   7
830   0
831   5
832   0
833   1
834   7
835   4
836   5
837   5
838   1
839   3
840   7
841   7
842   0
843   7
844   7
845   7
846   0
847   7
848   7
849   4
850   6
851   7
852   7
853   7
854   7
855   7
856   7
857   5
858   7
859   7
860   7
861   7
862   7
863   7
864   7
865   7
866   0
867   7
868   7
869   7
870   6
871   6
872   4
873   7
874   0
875   4
876   6
877   6
878   7
879   7
880   6
881   6
882   7
883   1
884   1
885   0
886   0
887   2
888   0
889   5
890   2
891   7
892   5
893   7
894   5
895   7
896   7
897   7
898   5
899   7
900   5
901   7
902   7
903   0
904   7
905   7
906   7
907   7
908   3
909   7
910   7
911   7
912   7
913   7
914   7
915   6
916   6
917   7
918   7
919   3
920   7
921   7
922   7
923   0
924   7
925   4
926   7
927   6
928   6
929   7
930   2
931   6
932   7
933   0
934   7
935   7
936   7
937   7
938   6
939   7
940   7
941   7
942   7
943   7
944   7
945   7
946   7
947   7
948   3
949   7
950   6
951   7
952   7
953   6
954   2
955   7
956   6
957   7
958   7
959   0
960   6
961   6
962   7
963   7
964   7
965   7
966   6
967   7
968   7
969   7
970   7
971   7
972   7
973   7
974   0
975   7
976   7
977   7
978   7
979   7
980   7
981   7
982   6
983   7
984   5
985   7
986   7
987   1
988   6
989   4
990   5
991   2
992   3
993   3
994   7
995   7
996   7
997   0
998   0
999   7
1000   7
1001   7
1002   7
1003   7
1004   7
1005   4
1006   7
1007   6
1008   3
1009   7
1010   7
1011   7
1012   7
1013   7
1014   4
1015   7
1016   6
1017   7
1018   0
1019   7
1020   4
1021   0
1022   7
1023   7
