COMMAND
./sim gshare 11 10 jpeg_trace.txt
OUTPUT
number of predictions:		2000000
number of mispredictions:	149369
misprediction rate:		7.47%
FINAL GSHARE CONTENTS
0   6
1   7
2   7
3   7
4   7
5   7
6   7
7   7
8   4
9   0
10   6
11   7
12   4
13   0
14   5
15   7
16   2
17   4
18   7
19   7
20   7
21   4
22   7
23   0
24   7
25   0
26   7
27   0
28   1
29   7
30   7
31   7
32   7
33   4
34   3
35   0
36   7
37   0
38   4
39   7
40   0
41   7
42   0
43   0
44   6
45   7
46   7
47   0
48   4
49   7
50   5
51   7
52   6
53   7
54   7
55   7
56   1
57   5
58   0
59   0
60   4
61   7
62   7
63   7
64   0
65   7
66   0
67   6
68   0
69   0
70   7
71   6
72   7
73   7
74   0
75   7
76   1
77   7
78   4
79   6
80   2
81   3
82   3
83   7
84   7
85   2
86   7
87   2
88   7
89   7
90   7
91   3
92   0
93   3
94   7
95   2
96   7
97   7
98   7
99   7
100   7
101   7
102   6
103   0
104   7
105   7
106   7
107   7
108   6
109   7
110   7
111   6
112   5
113   6
114   3
115   7
116   7
117   6
118   5
119   6
120   4
121   4
122   7
123   7
124   3
125   7
126   7
127   7
128   5
129   6
130   6
131   7
132   0
133   7
134   0
135   7
136   7
137   7
138   5
139   7
140   0
141   7
142   7
143   4
144   7
145   7
146   7
147   1
148   0
149   7
150   7
151   7
152   7
153   5
154   7
155   0
156   7
157   7
158   0
159   7
160   7
161   7
162   2
163   7
164   7
165   7
166   7
167   7
168   2
169   7
170   0
171   7
172   1
173   7
174   7
175   7
176   6
177   7
178   2
179   7
180   6
181   7
182   3
183   7
184   0
185   7
186   7
187   7
188   7
189   2
190   7
191   5
192   0
193   0
194   0
195   7
196   7
197   5
198   3
199   6
200   7
201   7
202   5
203   6
204   7
205   7
206   4
207   2
208   1
209   7
210   0
211   0
212   7
213   6
214   7
215   7
216   6
217   5
218   6
219   1
220   6
221   7
222   3
223   7
224   7
225   7
226   7
227   7
228   7
229   7
230   7
231   7
232   6
233   0
234   5
235   7
236   7
237   5
238   7
239   7
240   0
241   7
242   7
243   4
244   7
245   7
246   7
247   7
248   0
249   4
250   5
251   7
252   0
253   7
254   2
255   3
256   7
257   7
258   7
259   7
260   7
261   7
262   0
263   7
264   7
265   7
266   7
267   7
268   7
269   7
270   1
271   7
272   5
273   2
274   7
275   7
276   4
277   7
278   7
279   5
280   0
281   0
282   1
283   6
284   7
285   7
286   2
287   7
288   7
289   7
290   4
291   1
292   7
293   7
294   3
295   7
296   0
297   7
298   5
299   1
300   7
301   7
302   4
303   6
304   6
305   7
306   7
307   4
308   0
309   0
310   6
311   7
312   7
313   2
314   7
315   7
316   3
317   7
318   0
319   7
320   5
321   0
322   0
323   4
324   7
325   0
326   2
327   7
328   7
329   7
330   7
331   7
332   4
333   2
334   0
335   6
336   0
337   7
338   4
339   4
340   2
341   4
342   7
343   0
344   0
345   2
346   7
347   7
348   7
349   4
350   7
351   6
352   7
353   2
354   7
355   4
356   5
357   7
358   1
359   0
360   3
361   7
362   6
363   6
364   3
365   0
366   0
367   1
368   4
369   4
370   6
371   7
372   4
373   0
374   0
375   7
376   7
377   1
378   6
379   7
380   7
381   0
382   6
383   7
384   2
385   2
386   0
387   0
388   7
389   0
390   5
391   7
392   7
393   6
394   7
395   7
396   7
397   7
398   6
399   7
400   7
401   7
402   6
403   6
404   7
405   7
406   7
407   1
408   3
409   0
410   5
411   0
412   7
413   7
414   6
415   7
416   7
417   0
418   7
419   7
420   6
421   4
422   7
423   7
424   6
425   7
426   0
427   7
428   3
429   7
430   7
431   5
432   5
433   1
434   3
435   1
436   7
437   0
438   7
439   2
440   6
441   4
442   0
443   7
444   7
445   0
446   7
447   4
448   6
449   7
450   0
451   7
452   7
453   7
454   7
455   7
456   7
457   7
458   7
459   0
460   5
461   0
462   4
463   0
464   0
465   7
466   7
467   1
468   7
469   7
470   6
471   7
472   7
473   7
474   7
475   4
476   0
477   7
478   7
479   4
480   0
481   7
482   6
483   0
484   0
485   7
486   0
487   7
488   2
489   7
490   7
491   0
492   1
493   7
494   7
495   2
496   0
497   7
498   6
499   7
500   7
501   7
502   7
503   7
504   4
505   7
506   7
507   6
508   7
509   7
510   7
511   4
512   7
513   7
514   7
515   7
516   7
517   7
518   0
519   1
520   7
521   1
522   7
523   2
524   7
525   7
526   7
527   7
528   7
529   7
530   4
531   0
532   6
533   3
534   5
535   7
536   6
537   7
538   7
539   7
540   1
541   6
542   0
543   7
544   6
545   7
546   0
547   3
548   7
549   6
550   0
551   5
552   6
553   6
554   0
555   6
556   7
557   6
558   7
559   0
560   0
561   6
562   4
563   6
564   7
565   7
566   6
567   4
568   4
569   7
570   6
571   4
572   7
573   5
574   7
575   6
576   7
577   7
578   7
579   7
580   7
581   7
582   3
583   7
584   7
585   7
586   5
587   7
588   7
589   7
590   6
591   4
592   0
593   7
594   7
595   7
596   7
597   3
598   0
599   7
600   7
601   2
602   2
603   7
604   7
605   7
606   7
607   7
608   7
609   7
610   7
611   5
612   7
613   1
614   6
615   5
616   5
617   7
618   1
619   4
620   7
621   6
622   7
623   6
624   6
625   6
626   6
627   7
628   7
629   7
630   2
631   7
632   7
633   2
634   0
635   6
636   7
637   7
638   2
639   7
640   7
641   7
642   7
643   3
644   2
645   7
646   7
647   1
648   0
649   2
650   6
651   4
652   4
653   6
654   7
655   0
656   7
657   7
658   6
659   7
660   2
661   5
662   7
663   7
664   7
665   7
666   7
667   2
668   5
669   4
670   7
671   7
672   3
673   7
674   7
675   7
676   7
677   7
678   7
679   7
680   5
681   2
682   7
683   0
684   7
685   6
686   7
687   6
688   7
689   7
690   7
691   7
692   7
693   5
694   7
695   7
696   7
697   7
698   7
699   7
700   7
701   7
702   7
703   4
704   7
705   2
706   7
707   0
708   7
709   7
710   7
711   7
712   0
713   6
714   7
715   5
716   7
717   7
718   7
719   3
720   7
721   7
722   7
723   7
724   7
725   7
726   7
727   7
728   7
729   7
730   7
731   7
732   7
733   7
734   7
735   7
736   7
737   7
738   7
739   7
740   7
741   4
742   7
743   7
744   7
745   4
746   7
747   4
748   7
749   7
750   5
751   7
752   7
753   7
754   7
755   6
756   7
757   0
758   7
759   7
760   2
761   5
762   0
763   1
764   6
765   6
766   4
767   0
768   6
769   7
770   7
771   4
772   1
773   6
774   2
775   2
776   0
777   7
778   7
779   1
780   7
781   7
782   7
783   0
784   7
785   7
786   7
787   0
788   0
789   4
790   0
791   7
792   7
793   0
794   0
795   2
796   7
797   6
798   6
799   6
800   2
801   0
802   7
803   4
804   6
805   4
806   3
807   7
808   6
809   4
810   2
811   6
812   6
813   7
814   7
815   4
816   7
817   7
818   3
819   7
820   7
821   5
822   6
823   4
824   3
825   4
826   7
827   1
828   5
829   0
830   5
831   6
832   7
833   7
834   0
835   0
836   7
837   6
838   4
839   0
840   0
841   5
842   0
843   0
844   7
845   7
846   0
847   3
848   3
849   0
850   6
851   1
852   7
853   7
854   6
855   5
856   5
857   3
858   7
859   7
860   4
861   4
862   6
863   5
864   7
865   0
866   7
867   7
868   5
869   0
870   7
871   7
872   7
873   0
874   7
875   7
876   5
877   6
878   7
879   6
880   7
881   0
882   7
883   7
884   7
885   0
886   2
887   1
888   0
889   7
890   1
891   7
892   1
893   7
894   6
895   0
896   5
897   7
898   2
899   7
900   3
901   7
902   7
903   6
904   1
905   3
906   7
907   6
908   2
909   7
910   7
911   1
912   1
913   7
914   0
915   7
916   6
917   7
918   7
919   7
920   7
921   7
922   7
923   7
924   7
925   7
926   6
927   3
928   7
929   5
930   6
931   7
932   6
933   7
934   7
935   6
936   1
937   7
938   2
939   5
940   6
941   7
942   7
943   4
944   7
945   7
946   0
947   7
948   0
949   7
950   7
951   7
952   7
953   7
954   4
955   5
956   1
957   6
958   1
959   7
960   7
961   7
962   7
963   7
964   7
965   0
966   7
967   7
968   7
969   7
970   7
971   6
972   1
973   3
974   4
975   4
976   7
977   7
978   7
979   7
980   7
981   7
982   7
983   1
984   7
985   7
986   4
987   7
988   7
989   1
990   2
991   7
992   7
993   2
994   7
995   1
996   7
997   1
998   7
999   7
1000   7
1001   7
1002   7
1003   1
1004   3
1005   1
1006   5
1007   7
1008   7
1009   7
1010   0
1011   7
1012   7
1013   2
1014   0
1015   4
1016   7
1017   7
1018   7
1019   6
1020   6
1021   5
1022   0
1023   6
1024   7
1025   6
1026   7
1027   7
1028   7
1029   7
1030   7
1031   7
1032   7
1033   0
1034   7
1035   4
1036   7
1037   7
1038   7
1039   0
1040   4
1041   7
1042   0
1043   7
1044   6
1045   7
1046   6
1047   7
1048   7
1049   6
1050   0
1051   6
1052   4
1053   4
1054   6
1055   2
1056   7
1057   7
1058   3
1059   7
1060   7
1061   7
1062   7
1063   7
1064   5
1065   7
1066   7
1067   7
1068   4
1069   6
1070   4
1071   0
1072   7
1073   0
1074   0
1075   0
1076   0
1077   7
1078   7
1079   7
1080   1
1081   7
1082   4
1083   3
1084   7
1085   2
1086   7
1087   1
1088   7
1089   7
1090   7
1091   1
1092   2
1093   7
1094   7
1095   1
1096   5
1097   7
1098   7
1099   7
1100   7
1101   7
1102   1
1103   0
1104   7
1105   7
1106   7
1107   0
1108   7
1109   7
1110   0
1111   0
1112   7
1113   7
1114   7
1115   7
1116   7
1117   7
1118   0
1119   7
1120   7
1121   7
1122   6
1123   7
1124   7
1125   7
1126   7
1127   7
1128   7
1129   7
1130   0
1131   0
1132   7
1133   7
1134   7
1135   1
1136   7
1137   7
1138   7
1139   0
1140   6
1141   7
1142   2
1143   1
1144   4
1145   7
1146   7
1147   7
1148   0
1149   7
1150   2
1151   7
1152   7
1153   0
1154   3
1155   7
1156   6
1157   6
1158   7
1159   7
1160   0
1161   7
1162   7
1163   4
1164   0
1165   7
1166   7
1167   0
1168   0
1169   0
1170   3
1171   7
1172   7
1173   5
1174   0
1175   0
1176   1
1177   7
1178   7
1179   4
1180   0
1181   0
1182   0
1183   6
1184   0
1185   0
1186   0
1187   7
1188   7
1189   5
1190   6
1191   0
1192   0
1193   1
1194   0
1195   0
1196   5
1197   6
1198   7
1199   0
1200   0
1201   1
1202   7
1203   0
1204   6
1205   7
1206   2
1207   2
1208   0
1209   0
1210   1
1211   3
1212   6
1213   4
1214   1
1215   0
1216   4
1217   2
1218   6
1219   0
1220   1
1221   7
1222   7
1223   6
1224   7
1225   7
1226   7
1227   7
1228   7
1229   1
1230   7
1231   3
1232   7
1233   0
1234   6
1235   0
1236   5
1237   7
1238   6
1239   7
1240   7
1241   4
1242   7
1243   0
1244   5
1245   7
1246   7
1247   6
1248   1
1249   6
1250   7
1251   7
1252   0
1253   7
1254   7
1255   7
1256   2
1257   7
1258   0
1259   4
1260   7
1261   7
1262   7
1263   7
1264   7
1265   7
1266   7
1267   3
1268   6
1269   5
1270   7
1271   5
1272   7
1273   7
1274   7
1275   7
1276   0
1277   2
1278   0
1279   0
1280   7
1281   1
1282   7
1283   0
1284   7
1285   7
1286   7
1287   7
1288   6
1289   4
1290   6
1291   7
1292   7
1293   7
1294   7
1295   3
1296   0
1297   7
1298   1
1299   7
1300   7
1301   7
1302   7
1303   7
1304   7
1305   7
1306   7
1307   7
1308   0
1309   7
1310   7
1311   0
1312   3
1313   7
1314   7
1315   6
1316   7
1317   0
1318   7
1319   7
1320   7
1321   7
1322   7
1323   7
1324   7
1325   0
1326   7
1327   6
1328   4
1329   0
1330   7
1331   7
1332   7
1333   7
1334   7
1335   7
1336   7
1337   1
1338   7
1339   6
1340   7
1341   0
1342   6
1343   0
1344   1
1345   7
1346   0
1347   0
1348   5
1349   2
1350   0
1351   0
1352   7
1353   0
1354   7
1355   7
1356   3
1357   6
1358   1
1359   2
1360   5
1361   1
1362   1
1363   0
1364   7
1365   1
1366   0
1367   0
1368   1
1369   7
1370   7
1371   0
1372   7
1373   7
1374   7
1375   0
1376   1
1377   7
1378   0
1379   7
1380   6
1381   2
1382   5
1383   6
1384   4
1385   7
1386   2
1387   7
1388   0
1389   7
1390   2
1391   1
1392   4
1393   1
1394   7
1395   7
1396   7
1397   7
1398   7
1399   7
1400   2
1401   7
1402   2
1403   7
1404   7
1405   7
1406   7
1407   7
1408   7
1409   7
1410   7
1411   7
1412   7
1413   7
1414   7
1415   0
1416   0
1417   7
1418   6
1419   7
1420   6
1421   7
1422   3
1423   7
1424   2
1425   2
1426   0
1427   0
1428   1
1429   0
1430   5
1431   4
1432   7
1433   6
1434   7
1435   7
1436   7
1437   7
1438   7
1439   7
1440   7
1441   0
1442   7
1443   0
1444   7
1445   3
1446   0
1447   7
1448   7
1449   7
1450   6
1451   1
1452   1
1453   7
1454   7
1455   7
1456   2
1457   7
1458   0
1459   1
1460   0
1461   7
1462   6
1463   7
1464   7
1465   2
1466   7
1467   7
1468   7
1469   6
1470   7
1471   6
1472   7
1473   4
1474   7
1475   7
1476   7
1477   7
1478   7
1479   7
1480   7
1481   7
1482   7
1483   7
1484   7
1485   6
1486   7
1487   6
1488   1
1489   0
1490   4
1491   0
1492   4
1493   2
1494   0
1495   7
1496   7
1497   7
1498   4
1499   7
1500   1
1501   7
1502   7
1503   6
1504   7
1505   7
1506   7
1507   0
1508   7
1509   7
1510   7
1511   6
1512   6
1513   7
1514   7
1515   7
1516   5
1517   4
1518   6
1519   6
1520   7
1521   7
1522   3
1523   7
1524   7
1525   7
1526   7
1527   7
1528   0
1529   7
1530   7
1531   7
1532   7
1533   1
1534   7
1535   7
1536   0
1537   1
1538   1
1539   0
1540   0
1541   0
1542   0
1543   0
1544   7
1545   6
1546   0
1547   7
1548   6
1549   7
1550   0
1551   6
1552   0
1553   0
1554   7
1555   0
1556   0
1557   7
1558   6
1559   7
1560   7
1561   0
1562   0
1563   0
1564   0
1565   0
1566   7
1567   7
1568   0
1569   0
1570   4
1571   7
1572   7
1573   7
1574   7
1575   7
1576   7
1577   4
1578   2
1579   7
1580   0
1581   1
1582   0
1583   1
1584   0
1585   0
1586   0
1587   0
1588   1
1589   0
1590   7
1591   7
1592   6
1593   0
1594   0
1595   0
1596   0
1597   0
1598   0
1599   0
1600   0
1601   7
1602   7
1603   0
1604   6
1605   0
1606   0
1607   0
1608   0
1609   0
1610   7
1611   7
1612   0
1613   0
1614   0
1615   0
1616   7
1617   7
1618   7
1619   0
1620   0
1621   0
1622   7
1623   0
1624   3
1625   0
1626   0
1627   6
1628   7
1629   2
1630   0
1631   0
1632   7
1633   0
1634   7
1635   0
1636   0
1637   0
1638   3
1639   7
1640   0
1641   0
1642   1
1643   0
1644   7
1645   5
1646   7
1647   6
1648   7
1649   6
1650   1
1651   0
1652   0
1653   0
1654   0
1655   0
1656   0
1657   3
1658   7
1659   0
1660   0
1661   0
1662   6
1663   0
1664   0
1665   2
1666   4
1667   0
1668   7
1669   6
1670   7
1671   0
1672   7
1673   7
1674   4
1675   7
1676   7
1677   7
1678   5
1679   7
1680   7
1681   7
1682   0
1683   6
1684   7
1685   5
1686   0
1687   0
1688   0
1689   3
1690   7
1691   5
1692   7
1693   0
1694   0
1695   6
1696   3
1697   3
1698   7
1699   3
1700   7
1701   7
1702   7
1703   6
1704   0
1705   0
1706   2
1707   1
1708   0
1709   7
1710   6
1711   7
1712   7
1713   5
1714   3
1715   7
1716   0
1717   0
1718   0
1719   0
1720   7
1721   5
1722   7
1723   0
1724   2
1725   7
1726   0
1727   7
1728   6
1729   7
1730   7
1731   0
1732   4
1733   4
1734   7
1735   0
1736   7
1737   3
1738   7
1739   0
1740   7
1741   7
1742   7
1743   7
1744   3
1745   0
1746   7
1747   0
1748   2
1749   7
1750   0
1751   6
1752   6
1753   0
1754   7
1755   2
1756   7
1757   7
1758   7
1759   7
1760   7
1761   7
1762   4
1763   0
1764   0
1765   4
1766   0
1767   2
1768   7
1769   0
1770   0
1771   4
1772   0
1773   0
1774   2
1775   0
1776   0
1777   7
1778   5
1779   7
1780   0
1781   0
1782   2
1783   0
1784   7
1785   7
1786   7
1787   6
1788   5
1789   7
1790   0
1791   0
1792   7
1793   4
1794   7
1795   1
1796   0
1797   5
1798   6
1799   7
1800   6
1801   7
1802   0
1803   0
1804   6
1805   6
1806   0
1807   0
1808   6
1809   3
1810   2
1811   6
1812   7
1813   6
1814   6
1815   7
1816   6
1817   5
1818   0
1819   7
1820   7
1821   7
1822   0
1823   0
1824   1
1825   2
1826   7
1827   1
1828   1
1829   7
1830   0
1831   7
1832   7
1833   5
1834   6
1835   1
1836   5
1837   7
1838   7
1839   7
1840   1
1841   7
1842   0
1843   6
1844   7
1845   2
1846   1
1847   0
1848   0
1849   1
1850   3
1851   1
1852   6
1853   7
1854   4
1855   6
1856   2
1857   2
1858   1
1859   2
1860   0
1861   0
1862   4
1863   7
1864   7
1865   1
1866   0
1867   1
1868   7
1869   5
1870   5
1871   7
1872   5
1873   7
1874   5
1875   6
1876   7
1877   1
1878   7
1879   6
1880   7
1881   0
1882   7
1883   7
1884   0
1885   2
1886   0
1887   0
1888   0
1889   3
1890   7
1891   4
1892   7
1893   7
1894   5
1895   7
1896   7
1897   0
1898   4
1899   0
1900   0
1901   0
1902   0
1903   2
1904   0
1905   7
1906   7
1907   7
1908   6
1909   1
1910   0
1911   7
1912   6
1913   7
1914   1
1915   4
1916   0
1917   3
1918   7
1919   7
1920   0
1921   0
1922   0
1923   0
1924   0
1925   1
1926   0
1927   1
1928   7
1929   0
1930   0
1931   7
1932   7
1933   0
1934   0
1935   0
1936   6
1937   2
1938   5
1939   3
1940   0
1941   0
1942   0
1943   0
1944   7
1945   7
1946   0
1947   0
1948   4
1949   0
1950   4
1951   6
1952   0
1953   7
1954   0
1955   4
1956   0
1957   0
1958   0
1959   0
1960   7
1961   0
1962   6
1963   7
1964   0
1965   0
1966   0
1967   6
1968   7
1969   0
1970   0
1971   5
1972   0
1973   7
1974   7
1975   6
1976   0
1977   1
1978   2
1979   1
1980   0
1981   0
1982   0
1983   7
1984   7
1985   1
1986   1
1987   6
1988   3
1989   7
1990   2
1991   7
1992   7
1993   0
1994   7
1995   7
1996   7
1997   7
1998   4
1999   7
2000   2
2001   1
2002   7
2003   1
2004   0
2005   2
2006   7
2007   5
2008   6
2009   7
2010   7
2011   7
2012   0
2013   0
2014   6
2015   0
2016   7
2017   0
2018   5
2019   7
2020   7
2021   4
2022   7
2023   5
2024   7
2025   2
2026   5
2027   0
2028   6
2029   7
2030   6
2031   7
2032   2
2033   7
2034   7
2035   7
2036   0
2037   0
2038   7
2039   7
2040   3
2041   6
2042   7
2043   6
2044   7
2045   7
2046   7
2047   7
