COMMAND
./sim gshare 11 2 jpeg_trace.txt
OUTPUT
number of predictions:		2000000
number of mispredictions:	149066
misprediction rate:		7.45%
FINAL GSHARE CONTENTS
0   4
1   4
2   4
3   4
4   4
5   4
6   7
7   4
8   4
9   7
10   4
11   4
12   7
13   7
14   7
15   5
16   6
17   2
18   4
19   6
20   4
21   2
22   6
23   4
24   5
25   7
26   4
27   0
28   7
29   4
30   7
31   1
32   5
33   6
34   2
35   4
36   0
37   1
38   0
39   4
40   4
41   2
42   6
43   2
44   4
45   0
46   0
47   7
48   2
49   2
50   7
51   5
52   2
53   0
54   6
55   6
56   2
57   4
58   6
59   1
60   4
61   2
62   5
63   0
64   0
65   7
66   7
67   7
68   2
69   3
70   6
71   4
72   6
73   4
74   6
75   1
76   4
77   7
78   4
79   4
80   4
81   4
82   4
83   7
84   4
85   7
86   2
87   6
88   7
89   4
90   4
91   4
92   7
93   4
94   4
95   4
96   4
97   6
98   5
99   4
100   4
101   4
102   4
103   0
104   7
105   0
106   4
107   4
108   7
109   7
110   4
111   0
112   4
113   5
114   6
115   1
116   4
117   4
118   4
119   4
120   4
121   4
122   4
123   5
124   4
125   4
126   7
127   7
128   7
129   7
130   4
131   4
132   1
133   4
134   7
135   5
136   1
137   1
138   4
139   7
140   4
141   7
142   4
143   4
144   4
145   1
146   4
147   4
148   4
149   7
150   4
151   7
152   4
153   2
154   4
155   4
156   4
157   7
158   4
159   4
160   2
161   3
162   3
163   4
164   4
165   7
166   4
167   4
168   4
169   3
170   6
171   2
172   4
173   6
174   4
175   4
176   7
177   4
178   7
179   7
180   4
181   4
182   4
183   1
184   4
185   7
186   4
187   7
188   1
189   6
190   6
191   4
192   0
193   4
194   1
195   6
196   4
197   4
198   7
199   7
200   7
201   6
202   4
203   7
204   6
205   7
206   4
207   6
208   4
209   4
210   4
211   4
212   0
213   0
214   0
215   0
216   0
217   7
218   7
219   7
220   4
221   5
222   7
223   6
224   7
225   7
226   7
227   7
228   2
229   4
230   0
231   5
232   5
233   1
234   7
235   4
236   4
237   4
238   4
239   4
240   4
241   7
242   1
243   4
244   0
245   3
246   6
247   5
248   0
249   4
250   7
251   7
252   1
253   4
254   3
255   4
256   7
257   7
258   6
259   7
260   6
261   7
262   7
263   7
264   7
265   0
266   0
267   0
268   2
269   0
270   6
271   4
272   4
273   4
274   4
275   7
276   3
277   0
278   4
279   4
280   0
281   7
282   7
283   0
284   4
285   0
286   6
287   7
288   0
289   1
290   0
291   3
292   7
293   6
294   7
295   7
296   7
297   4
298   7
299   1
300   7
301   6
302   6
303   6
304   4
305   0
306   4
307   4
308   0
309   7
310   7
311   6
312   7
313   7
314   7
315   4
316   4
317   0
318   1
319   4
320   3
321   7
322   7
323   0
324   4
325   6
326   3
327   7
328   3
329   0
330   4
331   7
332   7
333   0
334   0
335   3
336   7
337   7
338   4
339   7
340   6
341   4
342   7
343   6
344   4
345   6
346   4
347   4
348   1
349   4
350   6
351   0
352   2
353   5
354   6
355   0
356   4
357   4
358   0
359   4
360   3
361   4
362   6
363   7
364   1
365   0
366   4
367   1
368   2
369   7
370   2
371   4
372   7
373   2
374   7
375   0
376   0
377   0
378   7
379   7
380   4
381   4
382   4
383   2
384   7
385   2
386   7
387   7
388   3
389   4
390   7
391   4
392   7
393   7
394   6
395   4
396   6
397   4
398   6
399   7
400   4
401   6
402   7
403   6
404   4
405   4
406   4
407   5
408   2
409   3
410   0
411   4
412   7
413   4
414   7
415   6
416   1
417   4
418   2
419   4
420   7
421   6
422   0
423   2
424   1
425   4
426   7
427   0
428   4
429   6
430   4
431   4
432   4
433   4
434   4
435   0
436   4
437   0
438   4
439   7
440   4
441   7
442   1
443   4
444   4
445   4
446   4
447   4
448   7
449   7
450   4
451   6
452   0
453   4
454   4
455   4
456   4
457   4
458   6
459   4
460   4
461   4
462   4
463   4
464   5
465   6
466   6
467   4
468   4
469   1
470   7
471   4
472   4
473   6
474   4
475   0
476   4
477   0
478   0
479   4
480   0
481   0
482   4
483   0
484   6
485   7
486   7
487   7
488   4
489   4
490   6
491   4
492   4
493   4
494   4
495   2
496   4
497   4
498   2
499   0
500   7
501   2
502   5
503   7
504   0
505   4
506   0
507   4
508   5
509   6
510   7
511   7
512   4
513   5
514   5
515   7
516   3
517   7
518   7
519   7
520   3
521   4
522   0
523   4
524   7
525   6
526   7
527   4
528   4
529   7
530   0
531   4
532   4
533   4
534   4
535   4
536   4
537   1
538   4
539   4
540   7
541   4
542   7
543   4
544   4
545   7
546   4
547   4
548   7
549   4
550   7
551   4
552   0
553   7
554   6
555   7
556   4
557   4
558   4
559   4
560   4
561   7
562   7
563   4
564   7
565   4
566   7
567   4
568   4
569   4
570   4
571   4
572   4
573   4
574   4
575   4
576   5
577   7
578   0
579   0
580   4
581   4
582   2
583   0
584   4
585   6
586   4
587   7
588   0
589   6
590   4
591   4
592   4
593   4
594   4
595   0
596   4
597   7
598   0
599   0
600   6
601   0
602   7
603   1
604   1
605   7
606   0
607   4
608   0
609   7
610   0
611   0
612   0
613   0
614   1
615   7
616   4
617   4
618   4
619   4
620   4
621   1
622   7
623   1
624   0
625   6
626   7
627   7
628   4
629   7
630   7
631   0
632   7
633   7
634   7
635   4
636   0
637   4
638   7
639   0
640   0
641   4
642   4
643   7
644   5
645   7
646   1
647   7
648   7
649   1
650   4
651   0
652   7
653   7
654   4
655   4
656   6
657   7
658   3
659   0
660   4
661   7
662   4
663   6
664   4
665   7
666   4
667   0
668   4
669   5
670   7
671   4
672   4
673   6
674   6
675   6
676   6
677   4
678   2
679   4
680   4
681   3
682   4
683   5
684   0
685   1
686   4
687   4
688   5
689   0
690   0
691   0
692   0
693   4
694   7
695   7
696   1
697   0
698   4
699   6
700   0
701   0
702   7
703   4
704   7
705   4
706   6
707   7
708   2
709   0
710   7
711   6
712   7
713   7
714   7
715   4
716   4
717   0
718   7
719   6
720   4
721   4
722   5
723   4
724   4
725   5
726   7
727   7
728   7
729   4
730   7
731   7
732   4
733   0
734   4
735   6
736   0
737   7
738   4
739   0
740   0
741   7
742   4
743   7
744   4
745   0
746   0
747   0
748   7
749   4
750   7
751   1
752   7
753   0
754   3
755   4
756   0
757   7
758   4
759   4
760   1
761   0
762   6
763   4
764   4
765   7
766   4
767   6
768   1
769   4
770   0
771   4
772   6
773   0
774   1
775   7
776   4
777   7
778   4
779   0
780   7
781   7
782   7
783   7
784   6
785   4
786   4
787   4
788   4
789   1
790   0
791   1
792   4
793   4
794   4
795   4
796   7
797   4
798   7
799   4
800   4
801   4
802   4
803   6
804   4
805   4
806   1
807   4
808   4
809   4
810   7
811   4
812   4
813   4
814   7
815   7
816   4
817   4
818   4
819   4
820   7
821   7
822   4
823   6
824   1
825   4
826   6
827   4
828   7
829   7
830   4
831   1
832   4
833   7
834   6
835   7
836   4
837   4
838   4
839   4
840   4
841   7
842   1
843   4
844   0
845   0
846   0
847   2
848   4
849   0
850   4
851   4
852   0
853   7
854   4
855   7
856   4
857   6
858   4
859   6
860   4
861   4
862   4
863   4
864   6
865   5
866   0
867   4
868   4
869   7
870   7
871   5
872   4
873   1
874   7
875   7
876   4
877   5
878   4
879   7
880   5
881   7
882   4
883   4
884   4
885   4
886   4
887   7
888   4
889   4
890   4
891   4
892   7
893   6
894   4
895   7
896   4
897   4
898   4
899   4
900   4
901   4
902   4
903   4
904   7
905   1
906   7
907   6
908   4
909   4
910   4
911   6
912   7
913   0
914   7
915   7
916   7
917   4
918   4
919   4
920   4
921   4
922   4
923   4
924   7
925   7
926   7
927   4
928   3
929   7
930   6
931   4
932   6
933   7
934   7
935   2
936   4
937   7
938   4
939   4
940   2
941   5
942   5
943   4
944   5
945   2
946   5
947   4
948   7
949   5
950   0
951   6
952   0
953   4
954   0
955   3
956   7
957   6
958   7
959   7
960   6
961   7
962   7
963   4
964   0
965   0
966   1
967   3
968   1
969   4
970   7
971   7
972   7
973   7
974   7
975   4
976   4
977   4
978   1
979   7
980   0
981   6
982   1
983   4
984   0
985   0
986   6
987   7
988   6
989   4
990   1
991   7
992   7
993   0
994   0
995   4
996   7
997   7
998   7
999   1
1000   4
1001   3
1002   7
1003   4
1004   0
1005   4
1006   4
1007   4
1008   7
1009   6
1010   1
1011   7
1012   7
1013   7
1014   4
1015   1
1016   4
1017   6
1018   7
1019   7
1020   7
1021   4
1022   7
1023   4
1024   4
1025   4
1026   4
1027   4
1028   4
1029   4
1030   7
1031   4
1032   7
1033   7
1034   7
1035   6
1036   0
1037   0
1038   0
1039   1
1040   1
1041   7
1042   7
1043   7
1044   7
1045   4
1046   4
1047   6
1048   0
1049   6
1050   0
1051   4
1052   4
1053   4
1054   7
1055   6
1056   7
1057   4
1058   7
1059   4
1060   6
1061   7
1062   7
1063   7
1064   7
1065   2
1066   7
1067   7
1068   7
1069   7
1070   2
1071   7
1072   7
1073   6
1074   7
1075   1
1076   7
1077   1
1078   6
1079   3
1080   5
1081   4
1082   4
1083   7
1084   0
1085   1
1086   7
1087   7
1088   0
1089   7
1090   0
1091   0
1092   6
1093   7
1094   7
1095   4
1096   7
1097   7
1098   7
1099   6
1100   7
1101   6
1102   7
1103   7
1104   7
1105   7
1106   0
1107   7
1108   0
1109   0
1110   4
1111   0
1112   7
1113   4
1114   4
1115   4
1116   1
1117   7
1118   4
1119   0
1120   7
1121   0
1122   7
1123   0
1124   7
1125   0
1126   7
1127   6
1128   0
1129   0
1130   0
1131   0
1132   0
1133   0
1134   4
1135   0
1136   7
1137   2
1138   6
1139   4
1140   0
1141   0
1142   0
1143   0
1144   4
1145   7
1146   7
1147   7
1148   0
1149   7
1150   7
1151   0
1152   4
1153   3
1154   4
1155   0
1156   7
1157   7
1158   5
1159   4
1160   0
1161   7
1162   7
1163   7
1164   7
1165   6
1166   6
1167   7
1168   7
1169   7
1170   7
1171   6
1172   6
1173   7
1174   4
1175   7
1176   7
1177   7
1178   5
1179   7
1180   0
1181   2
1182   4
1183   4
1184   6
1185   4
1186   0
1187   5
1188   0
1189   0
1190   7
1191   6
1192   6
1193   6
1194   7
1195   0
1196   7
1197   4
1198   7
1199   5
1200   7
1201   6
1202   6
1203   0
1204   0
1205   0
1206   7
1207   4
1208   4
1209   4
1210   7
1211   2
1212   7
1213   4
1214   7
1215   7
1216   0
1217   7
1218   7
1219   7
1220   7
1221   4
1222   5
1223   4
1224   0
1225   5
1226   7
1227   0
1228   4
1229   7
1230   4
1231   4
1232   4
1233   1
1234   6
1235   7
1236   4
1237   7
1238   4
1239   7
1240   4
1241   4
1242   7
1243   0
1244   7
1245   4
1246   6
1247   4
1248   0
1249   4
1250   7
1251   4
1252   0
1253   6
1254   2
1255   4
1256   4
1257   2
1258   4
1259   4
1260   2
1261   7
1262   2
1263   7
1264   6
1265   5
1266   4
1267   7
1268   6
1269   6
1270   4
1271   7
1272   0
1273   0
1274   7
1275   0
1276   2
1277   4
1278   6
1279   0
1280   4
1281   1
1282   1
1283   0
1284   6
1285   1
1286   4
1287   0
1288   4
1289   0
1290   6
1291   0
1292   2
1293   0
1294   0
1295   0
1296   4
1297   1
1298   4
1299   3
1300   4
1301   0
1302   6
1303   0
1304   4
1305   7
1306   0
1307   0
1308   0
1309   0
1310   0
1311   0
1312   7
1313   0
1314   7
1315   0
1316   0
1317   0
1318   4
1319   0
1320   7
1321   4
1322   4
1323   5
1324   0
1325   1
1326   0
1327   3
1328   7
1329   0
1330   5
1331   0
1332   0
1333   4
1334   6
1335   7
1336   0
1337   4
1338   4
1339   6
1340   7
1341   7
1342   7
1343   7
1344   4
1345   4
1346   0
1347   7
1348   4
1349   4
1350   7
1351   4
1352   6
1353   7
1354   4
1355   5
1356   3
1357   7
1358   0
1359   3
1360   5
1361   7
1362   4
1363   4
1364   4
1365   4
1366   4
1367   0
1368   7
1369   7
1370   1
1371   2
1372   0
1373   2
1374   3
1375   4
1376   4
1377   4
1378   6
1379   5
1380   4
1381   0
1382   4
1383   4
1384   7
1385   5
1386   7
1387   4
1388   7
1389   7
1390   6
1391   4
1392   4
1393   0
1394   5
1395   4
1396   4
1397   4
1398   4
1399   4
1400   4
1401   7
1402   4
1403   0
1404   0
1405   0
1406   0
1407   7
1408   6
1409   4
1410   5
1411   6
1412   2
1413   6
1414   7
1415   7
1416   4
1417   4
1418   4
1419   7
1420   3
1421   4
1422   4
1423   2
1424   0
1425   6
1426   0
1427   7
1428   4
1429   4
1430   4
1431   4
1432   3
1433   4
1434   7
1435   7
1436   6
1437   0
1438   6
1439   6
1440   4
1441   4
1442   5
1443   6
1444   4
1445   1
1446   4
1447   4
1448   4
1449   7
1450   7
1451   4
1452   4
1453   0
1454   3
1455   6
1456   4
1457   4
1458   4
1459   4
1460   2
1461   7
1462   7
1463   4
1464   4
1465   2
1466   4
1467   0
1468   2
1469   0
1470   7
1471   1
1472   4
1473   5
1474   7
1475   4
1476   4
1477   4
1478   4
1479   4
1480   0
1481   7
1482   7
1483   0
1484   4
1485   0
1486   4
1487   6
1488   0
1489   6
1490   4
1491   0
1492   4
1493   5
1494   7
1495   6
1496   4
1497   3
1498   4
1499   4
1500   0
1501   0
1502   5
1503   4
1504   4
1505   4
1506   4
1507   1
1508   4
1509   3
1510   4
1511   0
1512   0
1513   6
1514   1
1515   5
1516   1
1517   0
1518   0
1519   1
1520   7
1521   1
1522   4
1523   0
1524   0
1525   4
1526   0
1527   0
1528   7
1529   4
1530   4
1531   4
1532   7
1533   4
1534   4
1535   4
1536   6
1537   0
1538   7
1539   7
1540   0
1541   4
1542   4
1543   4
1544   4
1545   1
1546   7
1547   0
1548   4
1549   7
1550   7
1551   0
1552   3
1553   4
1554   4
1555   5
1556   4
1557   6
1558   4
1559   4
1560   4
1561   7
1562   4
1563   7
1564   4
1565   4
1566   5
1567   4
1568   4
1569   4
1570   4
1571   4
1572   6
1573   6
1574   5
1575   0
1576   0
1577   4
1578   4
1579   4
1580   4
1581   4
1582   6
1583   0
1584   1
1585   1
1586   7
1587   1
1588   4
1589   4
1590   7
1591   7
1592   5
1593   4
1594   4
1595   4
1596   4
1597   7
1598   7
1599   4
1600   4
1601   4
1602   7
1603   4
1604   4
1605   7
1606   4
1607   5
1608   4
1609   4
1610   4
1611   4
1612   4
1613   7
1614   4
1615   5
1616   1
1617   3
1618   4
1619   4
1620   7
1621   4
1622   4
1623   6
1624   6
1625   7
1626   6
1627   7
1628   2
1629   4
1630   5
1631   0
1632   4
1633   7
1634   4
1635   4
1636   0
1637   0
1638   1
1639   4
1640   4
1641   4
1642   4
1643   4
1644   0
1645   0
1646   0
1647   4
1648   6
1649   4
1650   7
1651   7
1652   0
1653   0
1654   0
1655   1
1656   0
1657   0
1658   6
1659   5
1660   4
1661   4
1662   4
1663   4
1664   7
1665   7
1666   6
1667   5
1668   6
1669   2
1670   0
1671   0
1672   2
1673   6
1674   0
1675   7
1676   4
1677   0
1678   7
1679   4
1680   7
1681   4
1682   4
1683   7
1684   5
1685   4
1686   4
1687   4
1688   4
1689   4
1690   4
1691   7
1692   4
1693   4
1694   0
1695   7
1696   0
1697   7
1698   4
1699   4
1700   6
1701   6
1702   7
1703   4
1704   4
1705   7
1706   4
1707   4
1708   6
1709   6
1710   7
1711   2
1712   4
1713   4
1714   4
1715   7
1716   7
1717   7
1718   0
1719   7
1720   0
1721   4
1722   0
1723   2
1724   7
1725   0
1726   7
1727   0
1728   3
1729   7
1730   7
1731   5
1732   4
1733   7
1734   4
1735   4
1736   4
1737   7
1738   1
1739   0
1740   0
1741   7
1742   5
1743   3
1744   0
1745   4
1746   4
1747   0
1748   5
1749   0
1750   5
1751   4
1752   7
1753   4
1754   7
1755   0
1756   4
1757   4
1758   0
1759   7
1760   4
1761   4
1762   6
1763   4
1764   7
1765   6
1766   7
1767   0
1768   6
1769   4
1770   4
1771   4
1772   7
1773   0
1774   0
1775   0
1776   6
1777   0
1778   5
1779   6
1780   0
1781   4
1782   0
1783   7
1784   5
1785   0
1786   6
1787   7
1788   7
1789   4
1790   2
1791   0
1792   0
1793   0
1794   2
1795   4
1796   4
1797   4
1798   7
1799   4
1800   7
1801   4
1802   7
1803   6
1804   1
1805   0
1806   4
1807   4
1808   7
1809   4
1810   7
1811   7
1812   4
1813   7
1814   7
1815   7
1816   4
1817   4
1818   4
1819   4
1820   0
1821   4
1822   7
1823   0
1824   7
1825   3
1826   6
1827   7
1828   2
1829   3
1830   7
1831   0
1832   0
1833   7
1834   6
1835   7
1836   4
1837   7
1838   6
1839   7
1840   7
1841   0
1842   4
1843   7
1844   6
1845   6
1846   7
1847   4
1848   4
1849   7
1850   2
1851   3
1852   4
1853   4
1854   6
1855   6
1856   4
1857   4
1858   4
1859   4
1860   7
1861   6
1862   4
1863   7
1864   6
1865   7
1866   7
1867   7
1868   6
1869   5
1870   4
1871   4
1872   0
1873   0
1874   4
1875   4
1876   4
1877   7
1878   7
1879   7
1880   4
1881   4
1882   0
1883   3
1884   0
1885   4
1886   0
1887   4
1888   4
1889   2
1890   4
1891   3
1892   0
1893   4
1894   0
1895   7
1896   6
1897   4
1898   4
1899   4
1900   2
1901   4
1902   4
1903   7
1904   0
1905   4
1906   4
1907   4
1908   4
1909   0
1910   0
1911   7
1912   6
1913   7
1914   7
1915   0
1916   4
1917   6
1918   0
1919   0
1920   4
1921   4
1922   7
1923   4
1924   5
1925   4
1926   6
1927   4
1928   0
1929   3
1930   4
1931   6
1932   7
1933   4
1934   7
1935   4
1936   6
1937   6
1938   4
1939   5
1940   4
1941   7
1942   7
1943   7
1944   4
1945   6
1946   5
1947   7
1948   6
1949   4
1950   4
1951   3
1952   0
1953   7
1954   4
1955   6
1956   7
1957   4
1958   5
1959   4
1960   4
1961   4
1962   4
1963   4
1964   4
1965   7
1966   6
1967   0
1968   4
1969   7
1970   6
1971   4
1972   0
1973   7
1974   4
1975   4
1976   4
1977   4
1978   4
1979   1
1980   4
1981   0
1982   6
1983   4
1984   4
1985   4
1986   4
1987   6
1988   4
1989   4
1990   4
1991   4
1992   4
1993   6
1994   4
1995   7
1996   7
1997   5
1998   4
1999   4
2000   4
2001   4
2002   4
2003   4
2004   4
2005   4
2006   4
2007   4
2008   4
2009   7
2010   7
2011   6
2012   4
2013   4
2014   6
2015   4
2016   4
2017   4
2018   4
2019   4
2020   0
2021   0
2022   7
2023   0
2024   7
2025   4
2026   7
2027   7
2028   4
2029   7
2030   7
2031   4
2032   4
2033   4
2034   4
2035   4
2036   7
2037   6
2038   1
2039   4
2040   0
2041   4
2042   4
2043   4
2044   4
2045   7
2046   7
2047   6
