COMMAND
./sim gshare 11 4 jpeg_trace.txt
OUTPUT
number of predictions:		2000000
number of mispredictions:	152348
misprediction rate:		7.62%
FINAL GSHARE CONTENTS
0   4
1   3
2   6
3   0
4   7
5   4
6   4
7   7
8   4
9   5
10   7
11   7
12   6
13   4
14   7
15   4
16   7
17   4
18   7
19   7
20   6
21   4
22   2
23   2
24   3
25   0
26   6
27   3
28   4
29   7
30   5
31   4
32   3
33   3
34   7
35   1
36   0
37   2
38   0
39   4
40   2
41   2
42   3
43   2
44   7
45   6
46   4
47   5
48   4
49   7
50   3
51   2
52   7
53   4
54   5
55   5
56   4
57   7
58   0
59   5
60   7
61   0
62   0
63   0
64   4
65   4
66   0
67   1
68   2
69   4
70   7
71   7
72   4
73   3
74   7
75   1
76   7
77   4
78   7
79   4
80   4
81   4
82   4
83   4
84   6
85   7
86   7
87   2
88   4
89   6
90   5
91   4
92   7
93   4
94   7
95   4
96   7
97   7
98   4
99   4
100   6
101   4
102   4
103   4
104   4
105   5
106   4
107   4
108   0
109   4
110   3
111   4
112   5
113   7
114   7
115   6
116   4
117   1
118   7
119   4
120   4
121   4
122   7
123   5
124   4
125   1
126   6
127   4
128   0
129   4
130   1
131   7
132   7
133   3
134   4
135   7
136   4
137   4
138   7
139   1
140   7
141   6
142   1
143   7
144   4
145   4
146   4
147   4
148   4
149   4
150   7
151   4
152   4
153   7
154   4
155   7
156   6
157   0
158   3
159   4
160   7
161   4
162   2
163   4
164   5
165   7
166   3
167   6
168   0
169   4
170   4
171   6
172   4
173   0
174   4
175   3
176   7
177   4
178   7
179   0
180   7
181   7
182   6
183   5
184   1
185   4
186   4
187   7
188   7
189   6
190   4
191   4
192   6
193   4
194   7
195   7
196   7
197   7
198   4
199   4
200   4
201   7
202   4
203   2
204   4
205   4
206   3
207   5
208   0
209   3
210   7
211   6
212   1
213   0
214   5
215   0
216   0
217   0
218   4
219   0
220   0
221   0
222   0
223   0
224   7
225   3
226   0
227   7
228   6
229   4
230   1
231   7
232   7
233   7
234   7
235   4
236   4
237   7
238   7
239   0
240   4
241   7
242   7
243   1
244   3
245   1
246   4
247   6
248   2
249   0
250   7
251   3
252   2
253   1
254   0
255   0
256   7
257   7
258   7
259   7
260   7
261   0
262   4
263   7
264   6
265   7
266   7
267   7
268   7
269   7
270   6
271   7
272   4
273   6
274   6
275   0
276   7
277   7
278   7
279   7
280   6
281   5
282   0
283   3
284   7
285   0
286   7
287   7
288   0
289   6
290   1
291   7
292   7
293   7
294   7
295   7
296   7
297   6
298   7
299   7
300   7
301   6
302   7
303   0
304   7
305   0
306   7
307   7
308   7
309   0
310   7
311   7
312   1
313   7
314   2
315   6
316   7
317   7
318   4
319   4
320   6
321   2
322   7
323   0
324   7
325   0
326   6
327   0
328   0
329   0
330   0
331   7
332   7
333   7
334   4
335   0
336   4
337   4
338   7
339   0
340   7
341   5
342   6
343   4
344   5
345   6
346   1
347   7
348   7
349   7
350   6
351   6
352   0
353   0
354   7
355   4
356   4
357   2
358   7
359   0
360   4
361   0
362   0
363   0
364   4
365   6
366   0
367   7
368   0
369   4
370   0
371   2
372   0
373   0
374   0
375   7
376   2
377   0
378   6
379   7
380   7
381   2
382   4
383   4
384   7
385   2
386   7
387   6
388   2
389   7
390   4
391   4
392   7
393   7
394   7
395   7
396   7
397   6
398   4
399   7
400   7
401   1
402   7
403   6
404   7
405   5
406   4
407   3
408   4
409   7
410   6
411   4
412   7
413   4
414   7
415   6
416   2
417   4
418   1
419   7
420   4
421   2
422   3
423   4
424   4
425   4
426   7
427   4
428   2
429   4
430   7
431   2
432   4
433   4
434   4
435   1
436   2
437   4
438   4
439   4
440   7
441   6
442   4
443   4
444   2
445   4
446   4
447   4
448   4
449   4
450   0
451   7
452   0
453   6
454   6
455   4
456   4
457   6
458   4
459   6
460   7
461   6
462   7
463   6
464   4
465   6
466   4
467   1
468   5
469   6
470   7
471   7
472   0
473   0
474   0
475   0
476   0
477   1
478   7
479   4
480   4
481   6
482   7
483   0
484   4
485   4
486   4
487   7
488   0
489   7
490   7
491   7
492   6
493   7
494   1
495   7
496   0
497   4
498   2
499   7
500   5
501   7
502   7
503   7
504   5
505   7
506   4
507   7
508   0
509   1
510   1
511   3
512   7
513   6
514   7
515   7
516   1
517   7
518   7
519   7
520   1
521   7
522   7
523   7
524   0
525   7
526   5
527   7
528   0
529   4
530   4
531   4
532   0
533   4
534   4
535   7
536   7
537   4
538   1
539   7
540   4
541   4
542   4
543   7
544   4
545   7
546   7
547   4
548   7
549   7
550   6
551   7
552   7
553   4
554   4
555   4
556   4
557   4
558   4
559   4
560   4
561   7
562   4
563   7
564   4
565   4
566   4
567   4
568   4
569   4
570   4
571   7
572   4
573   4
574   7
575   4
576   0
577   0
578   7
579   0
580   7
581   2
582   2
583   7
584   4
585   4
586   0
587   7
588   6
589   4
590   0
591   6
592   5
593   0
594   4
595   4
596   2
597   4
598   7
599   7
600   7
601   0
602   4
603   4
604   0
605   4
606   6
607   6
608   4
609   0
610   0
611   4
612   7
613   7
614   1
615   0
616   1
617   4
618   7
619   1
620   1
621   4
622   4
623   4
624   0
625   4
626   7
627   7
628   4
629   7
630   4
631   7
632   4
633   7
634   7
635   4
636   4
637   7
638   4
639   7
640   0
641   7
642   0
643   0
644   0
645   7
646   0
647   4
648   7
649   6
650   1
651   7
652   0
653   3
654   4
655   7
656   6
657   7
658   4
659   2
660   7
661   6
662   4
663   7
664   5
665   4
666   6
667   2
668   5
669   5
670   0
671   6
672   3
673   0
674   4
675   6
676   4
677   4
678   7
679   2
680   1
681   4
682   0
683   6
684   4
685   6
686   3
687   6
688   4
689   0
690   4
691   3
692   4
693   4
694   4
695   0
696   0
697   1
698   0
699   7
700   0
701   0
702   1
703   0
704   6
705   6
706   2
707   7
708   7
709   7
710   7
711   5
712   7
713   7
714   7
715   7
716   7
717   1
718   6
719   4
720   4
721   5
722   4
723   6
724   7
725   0
726   5
727   7
728   7
729   7
730   7
731   7
732   7
733   7
734   4
735   5
736   7
737   0
738   0
739   6
740   4
741   0
742   0
743   5
744   4
745   2
746   1
747   0
748   2
749   0
750   7
751   0
752   1
753   7
754   7
755   0
756   4
757   0
758   4
759   4
760   0
761   6
762   4
763   1
764   6
765   6
766   3
767   7
768   0
769   0
770   1
771   7
772   7
773   7
774   5
775   7
776   0
777   4
778   4
779   7
780   4
781   4
782   4
783   7
784   7
785   6
786   4
787   4
788   4
789   1
790   4
791   4
792   7
793   4
794   4
795   0
796   3
797   5
798   4
799   4
800   7
801   7
802   4
803   6
804   4
805   4
806   4
807   4
808   1
809   4
810   4
811   7
812   4
813   4
814   4
815   7
816   4
817   4
818   6
819   4
820   7
821   4
822   6
823   7
824   4
825   6
826   7
827   4
828   4
829   5
830   6
831   1
832   0
833   4
834   7
835   7
836   0
837   2
838   0
839   5
840   7
841   0
842   0
843   4
844   0
845   7
846   6
847   0
848   4
849   4
850   4
851   0
852   7
853   0
854   4
855   7
856   4
857   4
858   4
859   4
860   7
861   4
862   4
863   6
864   4
865   4
866   6
867   7
868   2
869   6
870   7
871   7
872   5
873   4
874   4
875   7
876   4
877   4
878   2
879   4
880   7
881   6
882   0
883   3
884   4
885   7
886   4
887   7
888   7
889   2
890   4
891   4
892   4
893   7
894   7
895   4
896   4
897   6
898   4
899   1
900   7
901   7
902   6
903   4
904   4
905   4
906   4
907   4
908   4
909   5
910   4
911   4
912   7
913   7
914   7
915   7
916   7
917   4
918   7
919   1
920   7
921   6
922   7
923   4
924   7
925   7
926   7
927   6
928   4
929   4
930   1
931   3
932   5
933   7
934   4
935   4
936   4
937   7
938   7
939   7
940   3
941   6
942   5
943   7
944   1
945   7
946   6
947   7
948   7
949   7
950   4
951   7
952   7
953   7
954   2
955   7
956   7
957   7
958   4
959   7
960   7
961   7
962   7
963   3
964   6
965   7
966   7
967   7
968   7
969   7
970   7
971   7
972   4
973   7
974   7
975   4
976   0
977   0
978   1
979   1
980   0
981   0
982   0
983   6
984   7
985   7
986   6
987   7
988   0
989   0
990   1
991   7
992   4
993   7
994   2
995   3
996   7
997   4
998   7
999   4
1000   7
1001   7
1002   4
1003   0
1004   4
1005   3
1006   7
1007   4
1008   4
1009   1
1010   7
1011   7
1012   4
1013   7
1014   7
1015   7
1016   7
1017   7
1018   4
1019   4
1020   7
1021   6
1022   7
1023   7
1024   0
1025   1
1026   6
1027   6
1028   2
1029   7
1030   2
1031   0
1032   4
1033   4
1034   7
1035   0
1036   4
1037   0
1038   1
1039   0
1040   0
1041   0
1042   0
1043   7
1044   5
1045   7
1046   7
1047   7
1048   6
1049   4
1050   5
1051   7
1052   0
1053   4
1054   0
1055   6
1056   6
1057   7
1058   7
1059   7
1060   7
1061   3
1062   4
1063   7
1064   6
1065   7
1066   7
1067   7
1068   5
1069   7
1070   4
1071   3
1072   0
1073   6
1074   7
1075   2
1076   6
1077   1
1078   3
1079   7
1080   6
1081   6
1082   7
1083   7
1084   4
1085   7
1086   7
1087   4
1088   7
1089   0
1090   7
1091   2
1092   1
1093   7
1094   0
1095   3
1096   7
1097   7
1098   7
1099   1
1100   2
1101   7
1102   6
1103   7
1104   7
1105   7
1106   0
1107   0
1108   4
1109   1
1110   2
1111   3
1112   0
1113   0
1114   4
1115   0
1116   0
1117   0
1118   0
1119   0
1120   7
1121   0
1122   0
1123   6
1124   7
1125   7
1126   2
1127   7
1128   4
1129   0
1130   0
1131   0
1132   3
1133   7
1134   0
1135   7
1136   0
1137   1
1138   0
1139   0
1140   0
1141   7
1142   0
1143   1
1144   4
1145   7
1146   7
1147   0
1148   3
1149   0
1150   0
1151   0
1152   7
1153   4
1154   6
1155   7
1156   7
1157   0
1158   7
1159   4
1160   0
1161   7
1162   7
1163   7
1164   7
1165   0
1166   7
1167   7
1168   7
1169   7
1170   7
1171   7
1172   7
1173   7
1174   7
1175   7
1176   4
1177   7
1178   0
1179   7
1180   0
1181   7
1182   7
1183   6
1184   3
1185   0
1186   6
1187   0
1188   0
1189   0
1190   0
1191   2
1192   7
1193   7
1194   7
1195   6
1196   7
1197   7
1198   5
1199   7
1200   0
1201   0
1202   5
1203   6
1204   7
1205   5
1206   7
1207   7
1208   6
1209   0
1210   4
1211   0
1212   7
1213   0
1214   6
1215   4
1216   0
1217   4
1218   7
1219   4
1220   7
1221   4
1222   4
1223   7
1224   3
1225   0
1226   6
1227   7
1228   0
1229   4
1230   4
1231   4
1232   0
1233   7
1234   7
1235   7
1236   4
1237   0
1238   4
1239   5
1240   7
1241   7
1242   4
1243   4
1244   4
1245   4
1246   3
1247   5
1248   3
1249   7
1250   0
1251   4
1252   4
1253   4
1254   4
1255   4
1256   0
1257   4
1258   4
1259   7
1260   2
1261   4
1262   2
1263   3
1264   5
1265   4
1266   1
1267   0
1268   7
1269   2
1270   7
1271   4
1272   0
1273   7
1274   0
1275   0
1276   0
1277   7
1278   7
1279   7
1280   2
1281   0
1282   6
1283   0
1284   0
1285   0
1286   0
1287   1
1288   0
1289   0
1290   0
1291   0
1292   0
1293   4
1294   7
1295   0
1296   0
1297   0
1298   0
1299   6
1300   0
1301   0
1302   0
1303   0
1304   7
1305   3
1306   7
1307   0
1308   2
1309   0
1310   7
1311   4
1312   0
1313   0
1314   0
1315   4
1316   3
1317   0
1318   2
1319   4
1320   7
1321   0
1322   2
1323   0
1324   0
1325   2
1326   0
1327   0
1328   3
1329   7
1330   6
1331   7
1332   7
1333   4
1334   7
1335   6
1336   7
1337   0
1338   0
1339   7
1340   4
1341   7
1342   0
1343   0
1344   4
1345   4
1346   2
1347   0
1348   7
1349   7
1350   7
1351   7
1352   2
1353   0
1354   1
1355   3
1356   4
1357   4
1358   0
1359   4
1360   4
1361   4
1362   5
1363   4
1364   5
1365   4
1366   6
1367   1
1368   3
1369   0
1370   5
1371   4
1372   1
1373   4
1374   4
1375   4
1376   7
1377   4
1378   7
1379   5
1380   4
1381   5
1382   7
1383   7
1384   4
1385   7
1386   4
1387   0
1388   4
1389   2
1390   4
1391   4
1392   7
1393   7
1394   7
1395   4
1396   7
1397   7
1398   6
1399   4
1400   7
1401   4
1402   4
1403   4
1404   0
1405   7
1406   4
1407   7
1408   3
1409   0
1410   6
1411   5
1412   6
1413   0
1414   2
1415   6
1416   0
1417   6
1418   7
1419   3
1420   4
1421   7
1422   3
1423   4
1424   7
1425   6
1426   0
1427   4
1428   7
1429   7
1430   7
1431   4
1432   0
1433   3
1434   0
1435   1
1436   7
1437   4
1438   4
1439   7
1440   7
1441   4
1442   3
1443   4
1444   0
1445   4
1446   6
1447   7
1448   4
1449   4
1450   4
1451   4
1452   4
1453   2
1454   3
1455   7
1456   0
1457   7
1458   1
1459   0
1460   0
1461   1
1462   3
1463   4
1464   0
1465   4
1466   2
1467   0
1468   7
1469   4
1470   6
1471   4
1472   0
1473   7
1474   7
1475   6
1476   0
1477   0
1478   0
1479   0
1480   6
1481   7
1482   5
1483   7
1484   0
1485   4
1486   7
1487   0
1488   4
1489   0
1490   6
1491   0
1492   0
1493   3
1494   4
1495   5
1496   0
1497   6
1498   0
1499   5
1500   4
1501   4
1502   0
1503   0
1504   6
1505   0
1506   0
1507   0
1508   4
1509   4
1510   4
1511   7
1512   0
1513   4
1514   1
1515   4
1516   0
1517   7
1518   0
1519   6
1520   0
1521   1
1522   0
1523   4
1524   1
1525   4
1526   4
1527   0
1528   7
1529   7
1530   7
1531   7
1532   0
1533   7
1534   7
1535   7
1536   7
1537   1
1538   7
1539   0
1540   4
1541   0
1542   4
1543   4
1544   4
1545   7
1546   0
1547   6
1548   7
1549   7
1550   1
1551   7
1552   7
1553   4
1554   7
1555   4
1556   4
1557   7
1558   7
1559   7
1560   4
1561   4
1562   4
1563   7
1564   4
1565   4
1566   4
1567   4
1568   4
1569   4
1570   0
1571   4
1572   4
1573   4
1574   4
1575   4
1576   0
1577   6
1578   6
1579   4
1580   4
1581   0
1582   5
1583   0
1584   4
1585   7
1586   7
1587   4
1588   5
1589   4
1590   4
1591   4
1592   4
1593   4
1594   7
1595   1
1596   4
1597   1
1598   7
1599   4
1600   4
1601   5
1602   1
1603   4
1604   4
1605   4
1606   4
1607   4
1608   4
1609   1
1610   7
1611   7
1612   4
1613   4
1614   4
1615   7
1616   7
1617   0
1618   6
1619   0
1620   4
1621   5
1622   5
1623   7
1624   7
1625   7
1626   0
1627   0
1628   6
1629   7
1630   6
1631   4
1632   0
1633   0
1634   0
1635   0
1636   0
1637   0
1638   2
1639   2
1640   0
1641   4
1642   2
1643   1
1644   0
1645   0
1646   0
1647   0
1648   7
1649   5
1650   4
1651   1
1652   0
1653   2
1654   1
1655   0
1656   7
1657   7
1658   0
1659   6
1660   6
1661   5
1662   0
1663   0
1664   7
1665   0
1666   0
1667   7
1668   7
1669   7
1670   7
1671   4
1672   2
1673   3
1674   4
1675   7
1676   2
1677   0
1678   7
1679   5
1680   4
1681   7
1682   0
1683   7
1684   0
1685   4
1686   4
1687   7
1688   4
1689   4
1690   7
1691   5
1692   4
1693   4
1694   4
1695   4
1696   6
1697   0
1698   0
1699   6
1700   7
1701   4
1702   7
1703   0
1704   7
1705   0
1706   0
1707   5
1708   0
1709   4
1710   7
1711   7
1712   3
1713   3
1714   0
1715   7
1716   5
1717   7
1718   4
1719   4
1720   0
1721   7
1722   4
1723   4
1724   7
1725   4
1726   4
1727   0
1728   7
1729   0
1730   7
1731   7
1732   7
1733   4
1734   3
1735   0
1736   3
1737   4
1738   0
1739   2
1740   1
1741   7
1742   7
1743   4
1744   0
1745   4
1746   7
1747   7
1748   4
1749   7
1750   7
1751   0
1752   1
1753   0
1754   4
1755   4
1756   4
1757   4
1758   4
1759   7
1760   7
1761   4
1762   4
1763   0
1764   6
1765   4
1766   4
1767   4
1768   7
1769   6
1770   7
1771   4
1772   7
1773   4
1774   6
1775   1
1776   3
1777   0
1778   0
1779   7
1780   7
1781   4
1782   6
1783   6
1784   3
1785   7
1786   5
1787   3
1788   0
1789   7
1790   0
1791   0
1792   0
1793   7
1794   0
1795   5
1796   7
1797   0
1798   7
1799   6
1800   7
1801   7
1802   4
1803   4
1804   1
1805   0
1806   1
1807   7
1808   0
1809   7
1810   7
1811   5
1812   7
1813   6
1814   4
1815   4
1816   7
1817   7
1818   6
1819   6
1820   7
1821   7
1822   7
1823   4
1824   7
1825   7
1826   7
1827   7
1828   4
1829   7
1830   6
1831   7
1832   7
1833   7
1834   2
1835   7
1836   3
1837   7
1838   5
1839   7
1840   5
1841   4
1842   7
1843   6
1844   2
1845   7
1846   7
1847   5
1848   6
1849   7
1850   7
1851   3
1852   4
1853   3
1854   6
1855   0
1856   7
1857   7
1858   7
1859   6
1860   7
1861   6
1862   4
1863   2
1864   7
1865   3
1866   4
1867   7
1868   7
1869   3
1870   6
1871   4
1872   7
1873   0
1874   4
1875   6
1876   4
1877   4
1878   0
1879   2
1880   4
1881   7
1882   0
1883   3
1884   0
1885   5
1886   0
1887   4
1888   4
1889   0
1890   4
1891   4
1892   7
1893   4
1894   7
1895   4
1896   2
1897   4
1898   1
1899   4
1900   4
1901   4
1902   1
1903   4
1904   7
1905   7
1906   0
1907   7
1908   6
1909   7
1910   0
1911   4
1912   7
1913   0
1914   0
1915   6
1916   0
1917   6
1918   0
1919   0
1920   3
1921   4
1922   7
1923   4
1924   7
1925   4
1926   7
1927   4
1928   4
1929   6
1930   5
1931   4
1932   2
1933   7
1934   3
1935   7
1936   6
1937   7
1938   4
1939   6
1940   7
1941   6
1942   2
1943   7
1944   7
1945   5
1946   5
1947   4
1948   6
1949   7
1950   5
1951   7
1952   4
1953   7
1954   4
1955   2
1956   4
1957   7
1958   4
1959   4
1960   2
1961   7
1962   7
1963   6
1964   2
1965   0
1966   0
1967   4
1968   1
1969   0
1970   1
1971   4
1972   7
1973   4
1974   0
1975   7
1976   7
1977   4
1978   4
1979   4
1980   7
1981   4
1982   4
1983   4
1984   4
1985   4
1986   6
1987   4
1988   4
1989   4
1990   4
1991   4
1992   7
1993   4
1994   6
1995   4
1996   4
1997   3
1998   5
1999   7
2000   4
2001   4
2002   4
2003   4
2004   7
2005   4
2006   5
2007   7
2008   7
2009   2
2010   4
2011   4
2012   6
2013   4
2014   4
2015   6
2016   4
2017   7
2018   4
2019   7
2020   6
2021   4
2022   7
2023   4
2024   4
2025   4
2026   2
2027   4
2028   6
2029   4
2030   6
2031   7
2032   3
2033   4
2034   0
2035   4
2036   4
2037   4
2038   4
2039   7
2040   4
2041   7
2042   4
2043   4
2044   4
2045   6
2046   3
2047   7
