COMMAND
./sim gshare 11 6 jpeg_trace.txt
OUTPUT
number of predictions:		2000000
number of mispredictions:	157983
misprediction rate:		7.90%
FINAL GSHARE CONTENTS
0   4
1   4
2   7
3   7
4   0
5   4
6   7
7   4
8   4
9   1
10   7
11   6
12   4
13   7
14   4
15   5
16   6
17   2
18   4
19   0
20   5
21   7
22   0
23   2
24   4
25   7
26   4
27   4
28   7
29   6
30   6
31   7
32   7
33   4
34   7
35   5
36   7
37   7
38   5
39   2
40   6
41   4
42   7
43   4
44   0
45   3
46   0
47   0
48   0
49   5
50   2
51   0
52   7
53   0
54   2
55   6
56   2
57   3
58   7
59   1
60   7
61   2
62   4
63   2
64   0
65   7
66   4
67   6
68   2
69   4
70   7
71   7
72   4
73   4
74   7
75   4
76   4
77   4
78   4
79   6
80   3
81   7
82   4
83   7
84   7
85   7
86   7
87   4
88   4
89   4
90   4
91   1
92   4
93   4
94   4
95   7
96   7
97   7
98   7
99   7
100   7
101   7
102   7
103   4
104   6
105   0
106   2
107   0
108   7
109   4
110   7
111   4
112   4
113   6
114   4
115   0
116   4
117   4
118   7
119   4
120   3
121   7
122   0
123   4
124   4
125   4
126   4
127   4
128   3
129   3
130   7
131   4
132   7
133   7
134   0
135   7
136   4
137   4
138   7
139   5
140   7
141   7
142   5
143   6
144   4
145   4
146   7
147   4
148   4
149   4
150   4
151   3
152   4
153   0
154   4
155   2
156   1
157   2
158   4
159   4
160   4
161   6
162   6
163   5
164   4
165   4
166   6
167   4
168   7
169   3
170   4
171   7
172   7
173   2
174   4
175   6
176   4
177   4
178   4
179   4
180   7
181   6
182   7
183   4
184   5
185   7
186   7
187   7
188   1
189   4
190   4
191   6
192   3
193   0
194   6
195   7
196   7
197   4
198   6
199   2
200   0
201   4
202   7
203   7
204   3
205   7
206   1
207   7
208   2
209   0
210   2
211   0
212   0
213   3
214   7
215   0
216   0
217   0
218   0
219   1
220   0
221   7
222   0
223   1
224   3
225   7
226   7
227   7
228   4
229   7
230   0
231   6
232   7
233   3
234   0
235   5
236   0
237   7
238   5
239   3
240   0
241   6
242   6
243   2
244   7
245   0
246   6
247   0
248   0
249   0
250   6
251   7
252   7
253   7
254   7
255   0
256   7
257   7
258   0
259   7
260   7
261   5
262   7
263   7
264   7
265   6
266   7
267   0
268   7
269   5
270   7
271   0
272   7
273   7
274   7
275   7
276   7
277   7
278   7
279   0
280   7
281   6
282   7
283   7
284   7
285   7
286   7
287   7
288   0
289   1
290   2
291   6
292   6
293   6
294   4
295   7
296   4
297   7
298   4
299   5
300   3
301   0
302   7
303   0
304   7
305   7
306   7
307   7
308   7
309   7
310   7
311   7
312   6
313   7
314   7
315   7
316   7
317   7
318   7
319   7
320   2
321   0
322   0
323   7
324   2
325   0
326   0
327   7
328   7
329   4
330   6
331   1
332   7
333   7
334   0
335   5
336   2
337   7
338   4
339   7
340   4
341   7
342   7
343   7
344   0
345   1
346   7
347   1
348   2
349   7
350   5
351   3
352   7
353   0
354   7
355   0
356   7
357   7
358   7
359   6
360   0
361   6
362   0
363   7
364   3
365   3
366   6
367   7
368   0
369   0
370   7
371   0
372   0
373   2
374   4
375   5
376   4
377   0
378   7
379   3
380   7
381   0
382   4
383   3
384   2
385   2
386   2
387   6
388   7
389   7
390   2
391   4
392   6
393   4
394   4
395   0
396   7
397   4
398   4
399   2
400   4
401   4
402   4
403   4
404   4
405   1
406   0
407   4
408   4
409   5
410   4
411   3
412   0
413   4
414   3
415   7
416   7
417   6
418   7
419   6
420   7
421   7
422   6
423   4
424   7
425   7
426   7
427   7
428   7
429   7
430   7
431   6
432   7
433   6
434   7
435   2
436   6
437   6
438   7
439   7
440   4
441   4
442   4
443   4
444   7
445   7
446   6
447   7
448   3
449   7
450   4
451   7
452   2
453   1
454   4
455   7
456   6
457   3
458   5
459   4
460   4
461   4
462   7
463   7
464   4
465   5
466   7
467   6
468   3
469   0
470   7
471   7
472   4
473   2
474   0
475   0
476   1
477   7
478   3
479   7
480   0
481   3
482   4
483   1
484   4
485   4
486   7
487   7
488   4
489   4
490   4
491   0
492   0
493   7
494   6
495   5
496   7
497   7
498   4
499   7
500   3
501   6
502   7
503   2
504   4
505   7
506   7
507   6
508   0
509   6
510   7
511   7
512   4
513   7
514   4
515   4
516   5
517   0
518   7
519   5
520   4
521   0
522   7
523   4
524   0
525   4
526   7
527   7
528   4
529   7
530   7
531   4
532   7
533   7
534   6
535   7
536   7
537   7
538   4
539   4
540   0
541   3
542   7
543   7
544   4
545   4
546   6
547   3
548   4
549   7
550   7
551   4
552   4
553   7
554   3
555   5
556   4
557   0
558   7
559   7
560   7
561   6
562   7
563   7
564   7
565   1
566   2
567   7
568   0
569   7
570   7
571   7
572   7
573   7
574   7
575   7
576   7
577   4
578   0
579   7
580   4
581   4
582   0
583   6
584   4
585   4
586   4
587   5
588   6
589   7
590   6
591   6
592   7
593   0
594   6
595   0
596   7
597   4
598   5
599   7
600   0
601   0
602   7
603   4
604   3
605   7
606   5
607   7
608   2
609   0
610   4
611   7
612   1
613   4
614   7
615   0
616   0
617   4
618   1
619   4
620   4
621   0
622   0
623   7
624   0
625   1
626   4
627   4
628   7
629   7
630   1
631   7
632   7
633   0
634   5
635   4
636   7
637   0
638   0
639   0
640   6
641   0
642   3
643   7
644   6
645   7
646   0
647   3
648   1
649   7
650   0
651   0
652   0
653   1
654   0
655   7
656   3
657   7
658   7
659   2
660   0
661   7
662   7
663   7
664   6
665   4
666   0
667   5
668   0
669   0
670   4
671   5
672   6
673   0
674   0
675   0
676   3
677   0
678   2
679   1
680   7
681   7
682   0
683   3
684   5
685   4
686   0
687   0
688   3
689   0
690   4
691   4
692   1
693   1
694   4
695   0
696   2
697   7
698   0
699   5
700   0
701   4
702   0
703   5
704   0
705   6
706   4
707   7
708   3
709   7
710   6
711   5
712   4
713   6
714   7
715   4
716   6
717   4
718   7
719   7
720   7
721   6
722   1
723   7
724   1
725   1
726   7
727   6
728   2
729   1
730   1
731   4
732   0
733   0
734   2
735   1
736   7
737   7
738   4
739   6
740   6
741   7
742   7
743   7
744   3
745   7
746   0
747   7
748   3
749   7
750   0
751   4
752   7
753   0
754   6
755   7
756   5
757   6
758   7
759   7
760   6
761   5
762   2
763   7
764   4
765   4
766   7
767   0
768   7
769   4
770   7
771   4
772   7
773   4
774   5
775   4
776   7
777   7
778   4
779   4
780   6
781   0
782   7
783   6
784   1
785   4
786   0
787   6
788   0
789   0
790   0
791   7
792   7
793   7
794   7
795   7
796   7
797   4
798   7
799   6
800   7
801   0
802   7
803   0
804   0
805   4
806   4
807   6
808   7
809   2
810   4
811   7
812   7
813   7
814   0
815   4
816   4
817   7
818   7
819   6
820   2
821   7
822   4
823   7
824   7
825   7
826   5
827   6
828   4
829   4
830   4
831   4
832   7
833   7
834   4
835   7
836   1
837   2
838   4
839   7
840   7
841   7
842   0
843   4
844   0
845   6
846   4
847   4
848   7
849   7
850   4
851   7
852   6
853   7
854   6
855   2
856   7
857   6
858   2
859   0
860   0
861   1
862   2
863   4
864   5
865   7
866   4
867   4
868   0
869   7
870   0
871   4
872   4
873   4
874   0
875   6
876   0
877   4
878   4
879   1
880   6
881   5
882   7
883   7
884   4
885   7
886   4
887   4
888   0
889   7
890   4
891   4
892   2
893   7
894   0
895   7
896   7
897   7
898   7
899   4
900   7
901   4
902   6
903   4
904   7
905   7
906   0
907   7
908   6
909   4
910   7
911   1
912   5
913   7
914   4
915   7
916   6
917   4
918   4
919   6
920   0
921   5
922   5
923   7
924   5
925   4
926   4
927   6
928   7
929   7
930   7
931   7
932   7
933   6
934   7
935   7
936   6
937   7
938   7
939   7
940   4
941   7
942   7
943   5
944   7
945   7
946   6
947   5
948   7
949   7
950   4
951   2
952   7
953   7
954   6
955   7
956   5
957   7
958   7
959   7
960   7
961   7
962   7
963   7
964   3
965   7
966   0
967   4
968   7
969   7
970   6
971   7
972   7
973   6
974   7
975   7
976   0
977   7
978   7
979   6
980   0
981   3
982   7
983   7
984   7
985   1
986   7
987   7
988   5
989   7
990   7
991   7
992   0
993   4
994   0
995   2
996   2
997   0
998   0
999   3
1000   5
1001   2
1002   7
1003   7
1004   7
1005   7
1006   7
1007   7
1008   0
1009   2
1010   6
1011   4
1012   7
1013   7
1014   6
1015   7
1016   7
1017   7
1018   7
1019   7
1020   7
1021   5
1022   7
1023   7
1024   5
1025   6
1026   3
1027   2
1028   5
1029   7
1030   0
1031   1
1032   0
1033   3
1034   7
1035   0
1036   7
1037   7
1038   7
1039   7
1040   7
1041   7
1042   7
1043   7
1044   7
1045   1
1046   7
1047   5
1048   6
1049   7
1050   7
1051   6
1052   7
1053   7
1054   7
1055   7
1056   0
1057   6
1058   2
1059   2
1060   7
1061   7
1062   0
1063   6
1064   7
1065   3
1066   7
1067   4
1068   1
1069   1
1070   4
1071   7
1072   7
1073   0
1074   7
1075   6
1076   7
1077   7
1078   7
1079   7
1080   1
1081   0
1082   2
1083   0
1084   4
1085   0
1086   7
1087   3
1088   7
1089   7
1090   0
1091   6
1092   0
1093   7
1094   7
1095   0
1096   7
1097   4
1098   0
1099   3
1100   7
1101   3
1102   0
1103   0
1104   4
1105   4
1106   7
1107   0
1108   7
1109   0
1110   0
1111   6
1112   7
1113   7
1114   7
1115   4
1116   0
1117   6
1118   7
1119   6
1120   4
1121   3
1122   0
1123   7
1124   0
1125   0
1126   7
1127   1
1128   1
1129   7
1130   0
1131   3
1132   6
1133   0
1134   1
1135   5
1136   1
1137   7
1138   0
1139   1
1140   0
1141   0
1142   0
1143   0
1144   0
1145   0
1146   0
1147   0
1148   0
1149   0
1150   7
1151   0
1152   2
1153   1
1154   7
1155   3
1156   0
1157   4
1158   4
1159   7
1160   7
1161   7
1162   7
1163   7
1164   6
1165   6
1166   7
1167   7
1168   0
1169   7
1170   7
1171   7
1172   7
1173   7
1174   7
1175   6
1176   2
1177   6
1178   7
1179   7
1180   7
1181   7
1182   7
1183   7
1184   7
1185   0
1186   7
1187   7
1188   7
1189   7
1190   7
1191   7
1192   0
1193   4
1194   7
1195   7
1196   7
1197   7
1198   7
1199   6
1200   7
1201   7
1202   7
1203   7
1204   7
1205   7
1206   7
1207   1
1208   7
1209   7
1210   7
1211   7
1212   7
1213   7
1214   7
1215   7
1216   3
1217   7
1218   4
1219   7
1220   1
1221   0
1222   1
1223   2
1224   6
1225   1
1226   0
1227   7
1228   6
1229   6
1230   7
1231   7
1232   1
1233   4
1234   4
1235   6
1236   4
1237   7
1238   7
1239   4
1240   7
1241   7
1242   7
1243   7
1244   4
1245   4
1246   7
1247   0
1248   7
1249   7
1250   7
1251   0
1252   0
1253   5
1254   1
1255   5
1256   7
1257   0
1258   6
1259   2
1260   0
1261   0
1262   0
1263   0
1264   0
1265   0
1266   4
1267   7
1268   4
1269   7
1270   3
1271   1
1272   7
1273   4
1274   4
1275   7
1276   0
1277   5
1278   0
1279   7
1280   0
1281   0
1282   0
1283   7
1284   0
1285   0
1286   7
1287   5
1288   6
1289   1
1290   4
1291   5
1292   7
1293   7
1294   7
1295   1
1296   0
1297   7
1298   0
1299   2
1300   0
1301   7
1302   0
1303   3
1304   0
1305   0
1306   7
1307   7
1308   0
1309   0
1310   0
1311   0
1312   7
1313   7
1314   6
1315   7
1316   2
1317   0
1318   0
1319   7
1320   0
1321   0
1322   0
1323   1
1324   7
1325   7
1326   7
1327   0
1328   0
1329   7
1330   0
1331   0
1332   0
1333   0
1334   0
1335   0
1336   7
1337   0
1338   0
1339   7
1340   0
1341   7
1342   0
1343   0
1344   7
1345   0
1346   7
1347   4
1348   4
1349   7
1350   7
1351   7
1352   7
1353   3
1354   6
1355   4
1356   7
1357   7
1358   7
1359   7
1360   7
1361   0
1362   0
1363   0
1364   4
1365   1
1366   7
1367   7
1368   4
1369   7
1370   7
1371   3
1372   4
1373   4
1374   4
1375   7
1376   7
1377   7
1378   6
1379   0
1380   1
1381   7
1382   7
1383   5
1384   7
1385   7
1386   0
1387   5
1388   7
1389   7
1390   7
1391   6
1392   7
1393   7
1394   0
1395   7
1396   0
1397   0
1398   7
1399   4
1400   4
1401   0
1402   7
1403   0
1404   2
1405   2
1406   7
1407   0
1408   0
1409   3
1410   0
1411   1
1412   0
1413   4
1414   3
1415   4
1416   4
1417   4
1418   1
1419   4
1420   4
1421   3
1422   6
1423   1
1424   4
1425   7
1426   1
1427   0
1428   1
1429   7
1430   7
1431   6
1432   5
1433   4
1434   0
1435   4
1436   6
1437   4
1438   7
1439   0
1440   4
1441   4
1442   7
1443   7
1444   2
1445   7
1446   7
1447   4
1448   7
1449   0
1450   5
1451   4
1452   0
1453   0
1454   4
1455   7
1456   4
1457   6
1458   0
1459   6
1460   5
1461   2
1462   7
1463   7
1464   0
1465   4
1466   1
1467   3
1468   7
1469   4
1470   7
1471   7
1472   0
1473   1
1474   7
1475   7
1476   4
1477   4
1478   4
1479   0
1480   1
1481   4
1482   4
1483   4
1484   4
1485   7
1486   4
1487   7
1488   0
1489   0
1490   4
1491   0
1492   6
1493   0
1494   1
1495   7
1496   4
1497   4
1498   4
1499   4
1500   6
1501   6
1502   0
1503   0
1504   7
1505   4
1506   0
1507   4
1508   1
1509   4
1510   0
1511   0
1512   7
1513   0
1514   1
1515   4
1516   4
1517   0
1518   0
1519   7
1520   3
1521   0
1522   1
1523   1
1524   6
1525   0
1526   0
1527   7
1528   4
1529   0
1530   4
1531   7
1532   0
1533   0
1534   7
1535   1
1536   4
1537   6
1538   2
1539   7
1540   4
1541   4
1542   7
1543   6
1544   4
1545   3
1546   7
1547   0
1548   7
1549   4
1550   7
1551   0
1552   4
1553   0
1554   5
1555   0
1556   7
1557   0
1558   0
1559   3
1560   6
1561   7
1562   0
1563   4
1564   4
1565   4
1566   7
1567   7
1568   7
1569   0
1570   4
1571   7
1572   7
1573   7
1574   4
1575   6
1576   1
1577   0
1578   4
1579   0
1580   7
1581   4
1582   5
1583   1
1584   7
1585   6
1586   4
1587   5
1588   5
1589   5
1590   7
1591   4
1592   7
1593   0
1594   4
1595   4
1596   7
1597   7
1598   7
1599   5
1600   0
1601   0
1602   0
1603   0
1604   1
1605   0
1606   6
1607   0
1608   7
1609   0
1610   0
1611   0
1612   6
1613   7
1614   0
1615   1
1616   4
1617   0
1618   0
1619   0
1620   0
1621   0
1622   4
1623   0
1624   2
1625   1
1626   0
1627   0
1628   7
1629   3
1630   0
1631   5
1632   7
1633   0
1634   2
1635   2
1636   0
1637   0
1638   6
1639   6
1640   5
1641   2
1642   0
1643   7
1644   5
1645   5
1646   2
1647   7
1648   0
1649   2
1650   2
1651   1
1652   7
1653   0
1654   5
1655   5
1656   7
1657   3
1658   7
1659   7
1660   7
1661   7
1662   6
1663   7
1664   2
1665   6
1666   0
1667   6
1668   3
1669   7
1670   7
1671   1
1672   7
1673   0
1674   7
1675   7
1676   5
1677   5
1678   7
1679   7
1680   7
1681   7
1682   7
1683   6
1684   7
1685   7
1686   7
1687   6
1688   7
1689   7
1690   7
1691   5
1692   4
1693   0
1694   6
1695   7
1696   7
1697   6
1698   3
1699   1
1700   7
1701   7
1702   7
1703   7
1704   0
1705   4
1706   1
1707   4
1708   7
1709   4
1710   3
1711   7
1712   0
1713   7
1714   0
1715   0
1716   7
1717   7
1718   7
1719   7
1720   7
1721   4
1722   0
1723   6
1724   0
1725   4
1726   0
1727   0
1728   7
1729   7
1730   7
1731   7
1732   7
1733   7
1734   2
1735   0
1736   7
1737   7
1738   7
1739   7
1740   7
1741   3
1742   5
1743   5
1744   4
1745   7
1746   0
1747   0
1748   7
1749   2
1750   7
1751   0
1752   7
1753   6
1754   4
1755   7
1756   7
1757   7
1758   5
1759   6
1760   0
1761   0
1762   6
1763   7
1764   0
1765   2
1766   2
1767   7
1768   0
1769   0
1770   1
1771   4
1772   2
1773   5
1774   5
1775   0
1776   0
1777   6
1778   0
1779   7
1780   7
1781   4
1782   0
1783   7
1784   0
1785   0
1786   6
1787   7
1788   0
1789   0
1790   0
1791   0
1792   7
1793   6
1794   7
1795   7
1796   7
1797   0
1798   7
1799   1
1800   7
1801   7
1802   7
1803   7
1804   7
1805   6
1806   3
1807   7
1808   2
1809   7
1810   6
1811   7
1812   4
1813   7
1814   6
1815   7
1816   7
1817   7
1818   0
1819   4
1820   3
1821   7
1822   1
1823   7
1824   7
1825   5
1826   4
1827   4
1828   7
1829   6
1830   3
1831   7
1832   7
1833   7
1834   7
1835   4
1836   6
1837   7
1838   7
1839   7
1840   6
1841   7
1842   6
1843   7
1844   6
1845   7
1846   7
1847   6
1848   6
1849   7
1850   4
1851   7
1852   2
1853   4
1854   5
1855   7
1856   0
1857   7
1858   6
1859   7
1860   6
1861   7
1862   7
1863   7
1864   7
1865   7
1866   6
1867   7
1868   0
1869   7
1870   7
1871   7
1872   0
1873   4
1874   2
1875   0
1876   6
1877   0
1878   7
1879   7
1880   0
1881   4
1882   7
1883   4
1884   5
1885   0
1886   6
1887   4
1888   1
1889   5
1890   4
1891   7
1892   0
1893   6
1894   0
1895   1
1896   7
1897   7
1898   4
1899   7
1900   0
1901   4
1902   4
1903   0
1904   7
1905   6
1906   7
1907   2
1908   0
1909   0
1910   7
1911   4
1912   7
1913   7
1914   0
1915   3
1916   4
1917   3
1918   6
1919   7
1920   4
1921   4
1922   5
1923   6
1924   4
1925   7
1926   4
1927   3
1928   6
1929   7
1930   6
1931   7
1932   7
1933   7
1934   6
1935   7
1936   6
1937   3
1938   5
1939   5
1940   6
1941   3
1942   0
1943   0
1944   5
1945   4
1946   7
1947   4
1948   7
1949   4
1950   7
1951   4
1952   3
1953   6
1954   4
1955   4
1956   7
1957   6
1958   5
1959   7
1960   5
1961   7
1962   5
1963   4
1964   7
1965   7
1966   4
1967   7
1968   4
1969   4
1970   4
1971   4
1972   3
1973   7
1974   4
1975   0
1976   2
1977   5
1978   7
1979   4
1980   5
1981   7
1982   5
1983   7
1984   4
1985   6
1986   4
1987   4
1988   4
1989   4
1990   4
1991   7
1992   1
1993   4
1994   4
1995   4
1996   4
1997   4
1998   7
1999   4
2000   7
2001   7
2002   6
2003   7
2004   5
2005   2
2006   7
2007   7
2008   7
2009   2
2010   4
2011   4
2012   4
2013   4
2014   6
2015   0
2016   6
2017   6
2018   7
2019   4
2020   4
2021   4
2022   4
2023   4
2024   4
2025   5
2026   4
2027   4
2028   4
2029   4
2030   4
2031   6
2032   4
2033   4
2034   4
2035   4
2036   7
2037   4
2038   4
2039   7
2040   6
2041   4
2042   4
2043   4
2044   7
2045   4
2046   4
2047   6
