COMMAND
./sim gshare 11 8 jpeg_trace.txt
OUTPUT
number of predictions:		2000000
number of mispredictions:	149957
misprediction rate:		7.50%
FINAL GSHARE CONTENTS
0   0
1   7
2   6
3   7
4   4
5   7
6   4
7   6
8   6
9   6
10   4
11   7
12   6
13   4
14   3
15   0
16   7
17   6
18   0
19   7
20   7
21   3
22   0
23   4
24   0
25   2
26   0
27   3
28   7
29   4
30   2
31   4
32   3
33   5
34   5
35   5
36   1
37   5
38   5
39   7
40   4
41   0
42   7
43   7
44   5
45   3
46   4
47   5
48   0
49   7
50   0
51   6
52   4
53   4
54   2
55   4
56   4
57   4
58   3
59   3
60   4
61   2
62   4
63   7
64   3
65   0
66   1
67   5
68   0
69   7
70   7
71   5
72   6
73   0
74   0
75   4
76   7
77   7
78   1
79   3
80   7
81   4
82   7
83   6
84   0
85   3
86   6
87   4
88   4
89   6
90   1
91   1
92   0
93   4
94   5
95   0
96   0
97   0
98   2
99   2
100   0
101   2
102   1
103   1
104   7
105   7
106   5
107   7
108   7
109   6
110   5
111   5
112   1
113   4
114   7
115   4
116   0
117   7
118   7
119   2
120   6
121   7
122   4
123   4
124   7
125   0
126   2
127   0
128   7
129   7
130   7
131   6
132   6
133   4
134   7
135   7
136   2
137   2
138   7
139   6
140   1
141   3
142   7
143   5
144   0
145   7
146   4
147   7
148   4
149   7
150   7
151   5
152   3
153   3
154   5
155   7
156   7
157   4
158   4
159   7
160   7
161   7
162   7
163   7
164   6
165   5
166   6
167   4
168   1
169   7
170   7
171   0
172   7
173   6
174   7
175   1
176   2
177   7
178   7
179   7
180   0
181   7
182   1
183   7
184   2
185   7
186   4
187   4
188   7
189   0
190   4
191   4
192   3
193   6
194   7
195   2
196   4
197   7
198   7
199   4
200   7
201   5
202   2
203   6
204   7
205   7
206   7
207   4
208   0
209   7
210   4
211   4
212   5
213   4
214   2
215   4
216   7
217   7
218   4
219   7
220   0
221   6
222   6
223   0
224   7
225   4
226   7
227   7
228   6
229   7
230   7
231   4
232   3
233   1
234   7
235   7
236   1
237   1
238   4
239   7
240   0
241   5
242   4
243   4
244   4
245   4
246   5
247   2
248   7
249   4
250   7
251   7
252   7
253   4
254   4
255   0
256   0
257   1
258   7
259   7
260   4
261   7
262   7
263   7
264   0
265   7
266   7
267   0
268   7
269   0
270   4
271   7
272   7
273   3
274   0
275   0
276   3
277   2
278   4
279   0
280   4
281   5
282   1
283   7
284   2
285   0
286   7
287   1
288   7
289   7
290   7
291   7
292   7
293   7
294   7
295   0
296   0
297   7
298   6
299   2
300   7
301   7
302   7
303   5
304   7
305   7
306   0
307   6
308   0
309   7
310   5
311   0
312   7
313   7
314   6
315   7
316   7
317   4
318   0
319   5
320   0
321   2
322   7
323   7
324   1
325   1
326   7
327   7
328   7
329   3
330   7
331   7
332   4
333   7
334   5
335   0
336   7
337   7
338   7
339   6
340   7
341   7
342   7
343   3
344   7
345   1
346   5
347   7
348   7
349   7
350   0
351   7
352   1
353   7
354   7
355   6
356   7
357   7
358   7
359   7
360   7
361   7
362   5
363   0
364   7
365   2
366   7
367   4
368   7
369   7
370   7
371   7
372   7
373   7
374   7
375   7
376   0
377   6
378   7
379   6
380   7
381   7
382   0
383   7
384   7
385   7
386   7
387   7
388   7
389   7
390   7
391   7
392   7
393   7
394   6
395   0
396   7
397   7
398   7
399   7
400   5
401   7
402   7
403   7
404   0
405   7
406   1
407   7
408   0
409   0
410   0
411   0
412   6
413   0
414   7
415   0
416   0
417   3
418   7
419   6
420   7
421   7
422   2
423   7
424   7
425   7
426   7
427   7
428   4
429   7
430   6
431   7
432   5
433   7
434   4
435   6
436   7
437   2
438   1
439   4
440   7
441   7
442   5
443   7
444   4
445   6
446   7
447   5
448   7
449   7
450   7
451   7
452   7
453   7
454   7
455   7
456   5
457   2
458   7
459   6
460   7
461   7
462   7
463   2
464   7
465   7
466   7
467   7
468   7
469   7
470   7
471   7
472   5
473   7
474   7
475   7
476   6
477   7
478   7
479   7
480   7
481   7
482   7
483   6
484   7
485   7
486   7
487   7
488   7
489   7
490   7
491   5
492   7
493   6
494   7
495   4
496   7
497   7
498   7
499   0
500   7
501   7
502   7
503   5
504   0
505   1
506   7
507   7
508   7
509   7
510   5
511   7
512   1
513   7
514   7
515   7
516   4
517   7
518   3
519   7
520   5
521   1
522   4
523   4
524   6
525   7
526   0
527   7
528   6
529   2
530   7
531   7
532   3
533   4
534   4
535   6
536   0
537   0
538   7
539   2
540   3
541   7
542   3
543   0
544   5
545   7
546   7
547   7
548   4
549   0
550   7
551   6
552   7
553   4
554   7
555   7
556   7
557   7
558   6
559   5
560   7
561   7
562   7
563   7
564   0
565   7
566   6
567   7
568   1
569   5
570   7
571   7
572   7
573   7
574   4
575   6
576   0
577   1
578   1
579   0
580   0
581   0
582   1
583   7
584   7
585   7
586   0
587   7
588   0
589   0
590   2
591   5
592   0
593   7
594   4
595   0
596   0
597   3
598   7
599   6
600   4
601   7
602   7
603   7
604   0
605   6
606   7
607   7
608   4
609   5
610   4
611   0
612   4
613   4
614   5
615   7
616   4
617   1
618   7
619   0
620   6
621   3
622   7
623   7
624   1
625   0
626   0
627   4
628   0
629   3
630   7
631   7
632   7
633   6
634   7
635   7
636   7
637   7
638   6
639   7
640   7
641   7
642   2
643   7
644   7
645   7
646   7
647   7
648   0
649   7
650   0
651   7
652   6
653   7
654   7
655   7
656   1
657   6
658   7
659   5
660   0
661   0
662   7
663   6
664   0
665   4
666   1
667   7
668   3
669   4
670   2
671   7
672   0
673   1
674   3
675   4
676   7
677   0
678   7
679   4
680   4
681   1
682   0
683   0
684   0
685   0
686   3
687   1
688   0
689   5
690   7
691   6
692   4
693   7
694   2
695   6
696   7
697   4
698   4
699   4
700   7
701   6
702   7
703   0
704   7
705   1
706   6
707   2
708   4
709   6
710   7
711   5
712   7
713   0
714   7
715   0
716   4
717   7
718   7
719   0
720   1
721   7
722   7
723   0
724   7
725   7
726   6
727   7
728   7
729   7
730   0
731   5
732   0
733   3
734   7
735   5
736   2
737   6
738   5
739   4
740   6
741   7
742   6
743   0
744   4
745   7
746   7
747   6
748   5
749   0
750   7
751   3
752   7
753   0
754   7
755   7
756   0
757   5
758   7
759   7
760   6
761   6
762   6
763   6
764   1
765   7
766   3
767   7
768   6
769   7
770   7
771   5
772   6
773   7
774   6
775   3
776   4
777   7
778   7
779   7
780   0
781   7
782   7
783   7
784   7
785   4
786   7
787   4
788   3
789   7
790   7
791   7
792   6
793   4
794   7
795   4
796   6
797   7
798   2
799   7
800   7
801   4
802   4
803   0
804   0
805   0
806   6
807   7
808   7
809   4
810   4
811   6
812   7
813   7
814   2
815   7
816   6
817   2
818   6
819   6
820   7
821   7
822   0
823   7
824   0
825   2
826   6
827   6
828   4
829   7
830   0
831   2
832   0
833   2
834   7
835   6
836   1
837   3
838   7
839   6
840   7
841   7
842   0
843   7
844   5
845   7
846   0
847   7
848   5
849   7
850   5
851   7
852   7
853   7
854   7
855   7
856   7
857   6
858   7
859   7
860   7
861   7
862   7
863   7
864   7
865   7
866   1
867   7
868   7
869   7
870   5
871   5
872   4
873   4
874   0
875   4
876   6
877   1
878   7
879   3
880   6
881   6
882   7
883   0
884   0
885   0
886   1
887   2
888   0
889   0
890   1
891   7
892   6
893   7
894   7
895   7
896   7
897   7
898   4
899   7
900   4
901   7
902   5
903   0
904   7
905   7
906   7
907   7
908   5
909   7
910   7
911   5
912   7
913   7
914   7
915   6
916   5
917   7
918   6
919   3
920   7
921   6
922   6
923   6
924   6
925   4
926   2
927   3
928   6
929   7
930   7
931   7
932   7
933   0
934   6
935   7
936   7
937   6
938   6
939   7
940   7
941   7
942   7
943   7
944   4
945   7
946   7
947   7
948   1
949   7
950   6
951   7
952   7
953   0
954   7
955   7
956   7
957   7
958   7
959   0
960   4
961   4
962   7
963   3
964   7
965   7
966   6
967   7
968   0
969   6
970   7
971   2
972   4
973   7
974   4
975   7
976   7
977   7
978   7
979   7
980   7
981   0
982   7
983   7
984   4
985   2
986   7
987   0
988   6
989   3
990   5
991   0
992   1
993   3
994   7
995   7
996   7
997   6
998   4
999   5
1000   7
1001   1
1002   7
1003   7
1004   7
1005   5
1006   7
1007   6
1008   4
1009   7
1010   7
1011   5
1012   7
1013   4
1014   7
1015   7
1016   6
1017   6
1018   0
1019   7
1020   7
1021   0
1022   7
1023   7
1024   7
1025   0
1026   7
1027   7
1028   0
1029   0
1030   0
1031   7
1032   0
1033   0
1034   6
1035   4
1036   0
1037   0
1038   7
1039   0
1040   7
1041   6
1042   7
1043   6
1044   2
1045   7
1046   7
1047   6
1048   7
1049   7
1050   1
1051   7
1052   7
1053   7
1054   2
1055   7
1056   4
1057   1
1058   6
1059   3
1060   0
1061   7
1062   0
1063   1
1064   6
1065   7
1066   7
1067   0
1068   7
1069   6
1070   5
1071   7
1072   7
1073   5
1074   4
1075   0
1076   7
1077   7
1078   0
1079   4
1080   0
1081   0
1082   7
1083   1
1084   7
1085   1
1086   7
1087   7
1088   7
1089   0
1090   7
1091   7
1092   6
1093   0
1094   7
1095   7
1096   7
1097   6
1098   7
1099   7
1100   2
1101   7
1102   4
1103   7
1104   7
1105   7
1106   7
1107   6
1108   4
1109   6
1110   0
1111   5
1112   7
1113   0
1114   7
1115   0
1116   0
1117   0
1118   0
1119   0
1120   3
1121   4
1122   5
1123   7
1124   7
1125   6
1126   3
1127   7
1128   0
1129   1
1130   1
1131   7
1132   7
1133   7
1134   0
1135   7
1136   4
1137   7
1138   7
1139   0
1140   7
1141   0
1142   2
1143   0
1144   3
1145   6
1146   7
1147   7
1148   2
1149   2
1150   7
1151   7
1152   7
1153   4
1154   6
1155   7
1156   7
1157   7
1158   7
1159   7
1160   6
1161   7
1162   7
1163   3
1164   7
1165   6
1166   0
1167   7
1168   7
1169   4
1170   0
1171   7
1172   6
1173   1
1174   7
1175   1
1176   7
1177   7
1178   6
1179   7
1180   4
1181   7
1182   7
1183   2
1184   7
1185   7
1186   7
1187   7
1188   7
1189   6
1190   7
1191   7
1192   7
1193   0
1194   4
1195   0
1196   5
1197   7
1198   7
1199   4
1200   0
1201   7
1202   7
1203   0
1204   6
1205   7
1206   0
1207   6
1208   6
1209   7
1210   0
1211   7
1212   6
1213   7
1214   6
1215   0
1216   2
1217   0
1218   5
1219   0
1220   0
1221   0
1222   0
1223   0
1224   7
1225   7
1226   7
1227   7
1228   0
1229   7
1230   0
1231   0
1232   3
1233   6
1234   6
1235   7
1236   7
1237   7
1238   7
1239   3
1240   1
1241   0
1242   7
1243   7
1244   7
1245   6
1246   0
1247   0
1248   3
1249   7
1250   7
1251   7
1252   7
1253   7
1254   7
1255   7
1256   7
1257   2
1258   7
1259   7
1260   7
1261   7
1262   7
1263   7
1264   7
1265   7
1266   7
1267   7
1268   7
1269   7
1270   7
1271   7
1272   7
1273   7
1274   7
1275   2
1276   7
1277   0
1278   7
1279   5
1280   7
1281   1
1282   7
1283   5
1284   7
1285   7
1286   7
1287   7
1288   7
1289   5
1290   0
1291   7
1292   1
1293   0
1294   6
1295   6
1296   5
1297   7
1298   0
1299   5
1300   7
1301   7
1302   7
1303   7
1304   0
1305   0
1306   0
1307   7
1308   6
1309   0
1310   7
1311   0
1312   7
1313   1
1314   7
1315   0
1316   7
1317   4
1318   7
1319   7
1320   3
1321   7
1322   7
1323   3
1324   7
1325   7
1326   7
1327   6
1328   0
1329   0
1330   7
1331   7
1332   7
1333   1
1334   5
1335   3
1336   3
1337   0
1338   2
1339   0
1340   4
1341   0
1342   7
1343   4
1344   0
1345   0
1346   7
1347   1
1348   0
1349   0
1350   0
1351   0
1352   4
1353   7
1354   0
1355   1
1356   6
1357   7
1358   4
1359   4
1360   1
1361   7
1362   2
1363   4
1364   0
1365   7
1366   4
1367   4
1368   7
1369   7
1370   0
1371   7
1372   7
1373   7
1374   7
1375   7
1376   7
1377   7
1378   6
1379   7
1380   7
1381   0
1382   7
1383   0
1384   7
1385   0
1386   0
1387   0
1388   5
1389   0
1390   7
1391   0
1392   6
1393   7
1394   3
1395   0
1396   6
1397   0
1398   3
1399   0
1400   7
1401   1
1402   7
1403   7
1404   4
1405   3
1406   4
1407   7
1408   7
1409   7
1410   1
1411   0
1412   0
1413   0
1414   2
1415   4
1416   0
1417   0
1418   4
1419   7
1420   5
1421   7
1422   0
1423   0
1424   7
1425   7
1426   7
1427   7
1428   0
1429   7
1430   0
1431   0
1432   4
1433   6
1434   7
1435   7
1436   7
1437   6
1438   0
1439   0
1440   0
1441   7
1442   0
1443   0
1444   0
1445   0
1446   0
1447   0
1448   0
1449   0
1450   0
1451   7
1452   0
1453   7
1454   0
1455   3
1456   7
1457   0
1458   7
1459   0
1460   0
1461   7
1462   6
1463   0
1464   1
1465   6
1466   1
1467   0
1468   1
1469   7
1470   1
1471   0
1472   0
1473   0
1474   0
1475   4
1476   7
1477   0
1478   0
1479   0
1480   0
1481   0
1482   0
1483   0
1484   0
1485   0
1486   0
1487   0
1488   7
1489   7
1490   0
1491   5
1492   0
1493   0
1494   0
1495   7
1496   0
1497   0
1498   0
1499   0
1500   2
1501   0
1502   0
1503   0
1504   0
1505   6
1506   7
1507   0
1508   7
1509   0
1510   0
1511   0
1512   0
1513   5
1514   0
1515   0
1516   0
1517   6
1518   0
1519   0
1520   0
1521   5
1522   0
1523   6
1524   7
1525   0
1526   6
1527   6
1528   7
1529   1
1530   6
1531   7
1532   0
1533   0
1534   0
1535   0
1536   7
1537   7
1538   7
1539   7
1540   7
1541   6
1542   7
1543   7
1544   6
1545   7
1546   0
1547   0
1548   7
1549   7
1550   6
1551   7
1552   7
1553   7
1554   6
1555   4
1556   7
1557   7
1558   7
1559   6
1560   0
1561   4
1562   7
1563   7
1564   7
1565   0
1566   6
1567   2
1568   7
1569   7
1570   6
1571   7
1572   0
1573   0
1574   0
1575   7
1576   0
1577   7
1578   7
1579   7
1580   2
1581   0
1582   0
1583   7
1584   7
1585   7
1586   7
1587   7
1588   0
1589   7
1590   7
1591   7
1592   0
1593   3
1594   2
1595   4
1596   5
1597   7
1598   0
1599   7
1600   0
1601   6
1602   5
1603   0
1604   2
1605   3
1606   0
1607   7
1608   7
1609   6
1610   7
1611   3
1612   7
1613   0
1614   6
1615   6
1616   7
1617   3
1618   7
1619   7
1620   5
1621   7
1622   6
1623   0
1624   7
1625   7
1626   7
1627   0
1628   7
1629   1
1630   7
1631   0
1632   0
1633   0
1634   7
1635   5
1636   0
1637   1
1638   2
1639   1
1640   0
1641   7
1642   2
1643   2
1644   3
1645   1
1646   1
1647   7
1648   7
1649   3
1650   3
1651   3
1652   5
1653   7
1654   7
1655   7
1656   1
1657   0
1658   0
1659   1
1660   2
1661   3
1662   0
1663   1
1664   3
1665   4
1666   5
1667   2
1668   0
1669   1
1670   6
1671   7
1672   2
1673   7
1674   3
1675   0
1676   6
1677   4
1678   3
1679   4
1680   0
1681   0
1682   7
1683   0
1684   3
1685   4
1686   7
1687   7
1688   1
1689   1
1690   0
1691   0
1692   0
1693   0
1694   2
1695   0
1696   7
1697   0
1698   0
1699   0
1700   1
1701   0
1702   6
1703   7
1704   1
1705   0
1706   3
1707   0
1708   2
1709   0
1710   5
1711   7
1712   1
1713   4
1714   4
1715   0
1716   5
1717   2
1718   0
1719   2
1720   1
1721   0
1722   2
1723   2
1724   7
1725   6
1726   0
1727   1
1728   0
1729   7
1730   0
1731   3
1732   6
1733   0
1734   6
1735   7
1736   3
1737   0
1738   0
1739   0
1740   7
1741   0
1742   5
1743   7
1744   5
1745   6
1746   7
1747   0
1748   7
1749   6
1750   7
1751   7
1752   6
1753   2
1754   7
1755   7
1756   7
1757   6
1758   5
1759   4
1760   0
1761   0
1762   5
1763   0
1764   7
1765   0
1766   3
1767   7
1768   6
1769   7
1770   0
1771   5
1772   0
1773   7
1774   7
1775   7
1776   2
1777   7
1778   4
1779   7
1780   7
1781   7
1782   0
1783   6
1784   0
1785   7
1786   2
1787   4
1788   1
1789   3
1790   2
1791   0
1792   7
1793   4
1794   4
1795   7
1796   4
1797   1
1798   2
1799   7
1800   4
1801   7
1802   0
1803   7
1804   2
1805   4
1806   0
1807   5
1808   7
1809   7
1810   6
1811   7
1812   7
1813   0
1814   5
1815   5
1816   7
1817   7
1818   4
1819   4
1820   6
1821   0
1822   7
1823   4
1824   0
1825   2
1826   0
1827   0
1828   7
1829   6
1830   7
1831   7
1832   7
1833   1
1834   7
1835   4
1836   7
1837   7
1838   0
1839   7
1840   6
1841   4
1842   3
1843   1
1844   4
1845   0
1846   7
1847   0
1848   0
1849   7
1850   4
1851   0
1852   0
1853   7
1854   0
1855   6
1856   5
1857   3
1858   1
1859   0
1860   7
1861   7
1862   0
1863   2
1864   2
1865   4
1866   7
1867   4
1868   7
1869   7
1870   1
1871   6
1872   7
1873   0
1874   6
1875   4
1876   7
1877   4
1878   1
1879   7
1880   7
1881   1
1882   6
1883   4
1884   6
1885   6
1886   7
1887   7
1888   7
1889   7
1890   4
1891   5
1892   7
1893   6
1894   6
1895   6
1896   7
1897   7
1898   4
1899   4
1900   7
1901   7
1902   0
1903   7
1904   5
1905   4
1906   6
1907   7
1908   7
1909   7
1910   1
1911   4
1912   6
1913   7
1914   4
1915   4
1916   6
1917   5
1918   0
1919   4
1920   7
1921   7
1922   5
1923   5
1924   5
1925   7
1926   7
1927   5
1928   6
1929   4
1930   7
1931   7
1932   0
1933   7
1934   7
1935   7
1936   4
1937   4
1938   7
1939   7
1940   5
1941   7
1942   7
1943   4
1944   6
1945   7
1946   7
1947   0
1948   7
1949   4
1950   7
1951   7
1952   7
1953   7
1954   0
1955   6
1956   7
1957   7
1958   7
1959   5
1960   7
1961   7
1962   3
1963   7
1964   4
1965   4
1966   7
1967   7
1968   7
1969   7
1970   7
1971   7
1972   6
1973   7
1974   7
1975   7
1976   0
1977   7
1978   0
1979   5
1980   6
1981   2
1982   7
1983   7
1984   7
1985   6
1986   7
1987   6
1988   7
1989   7
1990   7
1991   7
1992   7
1993   7
1994   7
1995   7
1996   7
1997   7
1998   0
1999   7
2000   7
2001   7
2002   7
2003   7
2004   7
2005   7
2006   6
2007   7
2008   7
2009   7
2010   7
2011   7
2012   7
2013   5
2014   7
2015   7
2016   6
2017   6
2018   7
2019   5
2020   4
2021   0
2022   0
2023   7
2024   0
2025   7
2026   7
2027   4
2028   6
2029   4
2030   7
2031   7
2032   3
2033   7
2034   5
2035   7
2036   7
2037   7
2038   3
2039   7
2040   6
2041   7
2042   6
2043   7
2044   1
2045   4
2046   4
2047   4
