COMMAND
./sim gshare 12 12 jpeg_trace.txt
OUTPUT
number of predictions:		2000000
number of mispredictions:	147055
misprediction rate:		7.35%
FINAL GSHARE CONTENTS
0   7
1   7
2   4
3   7
4   7
5   7
6   7
7   7
8   7
9   7
10   7
11   7
12   7
13   7
14   5
15   7
16   7
17   7
18   3
19   7
20   6
21   0
22   7
23   3
24   6
25   7
26   7
27   7
28   7
29   7
30   4
31   5
32   7
33   7
34   0
35   6
36   7
37   7
38   7
39   7
40   7
41   7
42   7
43   7
44   7
45   7
46   7
47   6
48   0
49   0
50   0
51   7
52   2
53   3
54   7
55   3
56   2
57   3
58   7
59   7
60   4
61   7
62   5
63   7
64   0
65   5
66   1
67   0
68   2
69   0
70   6
71   1
72   5
73   7
74   7
75   7
76   7
77   7
78   4
79   5
80   7
81   7
82   7
83   4
84   7
85   7
86   7
87   7
88   7
89   7
90   7
91   7
92   7
93   3
94   0
95   7
96   7
97   7
98   6
99   7
100   7
101   7
102   7
103   0
104   7
105   7
106   6
107   7
108   7
109   7
110   7
111   4
112   0
113   7
114   1
115   7
116   7
117   7
118   7
119   7
120   7
121   7
122   7
123   7
124   4
125   7
126   7
127   7
128   3
129   7
130   7
131   3
132   1
133   7
134   2
135   7
136   6
137   1
138   7
139   4
140   0
141   7
142   7
143   2
144   0
145   6
146   7
147   7
148   0
149   0
150   4
151   7
152   7
153   0
154   7
155   4
156   7
157   0
158   6
159   4
160   0
161   0
162   7
163   7
164   7
165   7
166   7
167   7
168   7
169   7
170   7
171   7
172   7
173   7
174   7
175   7
176   7
177   6
178   7
179   7
180   5
181   7
182   6
183   7
184   6
185   1
186   0
187   0
188   4
189   3
190   3
191   1
192   7
193   3
194   7
195   7
196   6
197   7
198   7
199   3
200   7
201   7
202   7
203   7
204   7
205   0
206   7
207   4
208   7
209   7
210   7
211   7
212   7
213   7
214   6
215   7
216   7
217   7
218   7
219   5
220   7
221   7
222   7
223   6
224   0
225   7
226   7
227   7
228   7
229   7
230   7
231   7
232   7
233   7
234   7
235   7
236   2
237   7
238   7
239   0
240   0
241   7
242   0
243   7
244   5
245   2
246   7
247   6
248   7
249   7
250   7
251   7
252   7
253   7
254   0
255   0
256   1
257   4
258   7
259   4
260   7
261   6
262   7
263   7
264   4
265   3
266   0
267   2
268   1
269   7
270   4
271   5
272   3
273   7
274   6
275   7
276   1
277   5
278   7
279   2
280   7
281   7
282   7
283   4
284   7
285   7
286   7
287   7
288   4
289   4
290   7
291   7
292   7
293   6
294   7
295   7
296   7
297   7
298   7
299   7
300   1
301   5
302   7
303   0
304   4
305   0
306   0
307   7
308   4
309   7
310   5
311   7
312   7
313   7
314   7
315   4
316   0
317   7
318   6
319   1
320   7
321   7
322   7
323   7
324   7
325   4
326   0
327   1
328   6
329   4
330   7
331   0
332   6
333   5
334   4
335   0
336   5
337   0
338   1
339   6
340   7
341   4
342   7
343   4
344   2
345   2
346   6
347   0
348   7
349   3
350   7
351   4
352   6
353   0
354   6
355   7
356   7
357   4
358   7
359   6
360   1
361   0
362   6
363   7
364   3
365   7
366   0
367   0
368   7
369   7
370   4
371   2
372   7
373   7
374   6
375   7
376   4
377   1
378   5
379   3
380   0
381   7
382   7
383   0
384   4
385   7
386   4
387   7
388   7
389   6
390   0
391   5
392   6
393   0
394   7
395   7
396   7
397   7
398   2
399   4
400   7
401   0
402   6
403   7
404   4
405   2
406   7
407   7
408   4
409   3
410   0
411   1
412   2
413   7
414   0
415   7
416   0
417   2
418   7
419   4
420   5
421   4
422   6
423   0
424   5
425   4
426   4
427   2
428   7
429   6
430   7
431   0
432   0
433   0
434   7
435   0
436   7
437   7
438   7
439   7
440   7
441   7
442   4
443   5
444   1
445   7
446   7
447   0
448   0
449   7
450   7
451   7
452   4
453   5
454   7
455   1
456   7
457   4
458   7
459   4
460   5
461   2
462   7
463   6
464   7
465   7
466   7
467   0
468   6
469   4
470   7
471   7
472   6
473   7
474   0
475   7
476   3
477   7
478   2
479   6
480   7
481   7
482   7
483   7
484   7
485   6
486   7
487   7
488   6
489   7
490   7
491   6
492   7
493   7
494   7
495   4
496   7
497   7
498   5
499   6
500   7
501   7
502   7
503   7
504   7
505   7
506   7
507   7
508   7
509   7
510   0
511   7
512   0
513   7
514   7
515   4
516   7
517   7
518   7
519   7
520   7
521   7
522   7
523   7
524   7
525   7
526   5
527   7
528   6
529   6
530   2
531   7
532   0
533   3
534   0
535   7
536   0
537   7
538   0
539   7
540   7
541   7
542   4
543   4
544   4
545   4
546   4
547   2
548   0
549   7
550   0
551   7
552   7
553   4
554   7
555   7
556   3
557   5
558   6
559   7
560   6
561   7
562   7
563   4
564   7
565   4
566   7
567   7
568   4
569   6
570   7
571   7
572   7
573   6
574   6
575   7
576   3
577   4
578   1
579   7
580   7
581   7
582   7
583   7
584   6
585   7
586   7
587   6
588   7
589   2
590   7
591   0
592   7
593   7
594   6
595   3
596   7
597   7
598   7
599   7
600   7
601   2
602   6
603   5
604   7
605   4
606   3
607   7
608   0
609   4
610   3
611   7
612   0
613   6
614   6
615   7
616   1
617   4
618   7
619   7
620   0
621   4
622   7
623   4
624   0
625   4
626   0
627   5
628   5
629   6
630   5
631   0
632   6
633   7
634   4
635   4
636   7
637   0
638   6
639   4
640   7
641   6
642   7
643   7
644   7
645   1
646   7
647   6
648   7
649   7
650   7
651   7
652   7
653   7
654   2
655   0
656   7
657   7
658   7
659   7
660   7
661   7
662   7
663   7
664   7
665   7
666   7
667   7
668   4
669   4
670   7
671   6
672   7
673   7
674   7
675   7
676   7
677   7
678   7
679   7
680   7
681   7
682   2
683   7
684   4
685   5
686   4
687   7
688   7
689   7
690   7
691   1
692   7
693   7
694   7
695   6
696   7
697   5
698   7
699   7
700   3
701   0
702   4
703   7
704   7
705   2
706   7
707   7
708   7
709   7
710   7
711   1
712   7
713   7
714   7
715   2
716   7
717   1
718   7
719   4
720   7
721   7
722   1
723   7
724   7
725   7
726   7
727   7
728   7
729   7
730   5
731   0
732   7
733   3
734   7
735   7
736   7
737   7
738   7
739   7
740   4
741   7
742   0
743   7
744   7
745   7
746   6
747   4
748   2
749   3
750   7
751   5
752   7
753   7
754   7
755   7
756   7
757   1
758   7
759   7
760   7
761   7
762   4
763   3
764   7
765   6
766   0
767   4
768   5
769   7
770   7
771   7
772   0
773   6
774   3
775   7
776   7
777   7
778   7
779   7
780   0
781   7
782   3
783   7
784   3
785   7
786   6
787   7
788   4
789   7
790   7
791   7
792   7
793   7
794   7
795   7
796   7
797   7
798   7
799   7
800   0
801   7
802   7
803   7
804   7
805   7
806   7
807   7
808   7
809   5
810   7
811   0
812   5
813   0
814   5
815   7
816   5
817   7
818   2
819   7
820   4
821   4
822   7
823   4
824   7
825   7
826   7
827   0
828   7
829   5
830   0
831   3
832   7
833   1
834   3
835   0
836   5
837   7
838   3
839   5
840   3
841   7
842   5
843   4
844   6
845   7
846   2
847   7
848   4
849   7
850   7
851   7
852   7
853   7
854   7
855   0
856   7
857   7
858   7
859   7
860   7
861   3
862   7
863   7
864   3
865   4
866   7
867   5
868   5
869   6
870   3
871   7
872   7
873   0
874   6
875   0
876   7
877   0
878   0
879   7
880   0
881   7
882   5
883   0
884   5
885   4
886   5
887   7
888   7
889   4
890   6
891   2
892   7
893   0
894   0
895   0
896   0
897   6
898   1
899   6
900   0
901   3
902   0
903   0
904   2
905   7
906   7
907   0
908   0
909   2
910   0
911   0
912   0
913   0
914   7
915   0
916   4
917   7
918   3
919   7
920   5
921   4
922   2
923   2
924   0
925   6
926   0
927   0
928   0
929   0
930   0
931   7
932   7
933   7
934   6
935   7
936   2
937   0
938   0
939   0
940   0
941   7
942   7
943   0
944   1
945   2
946   0
947   5
948   6
949   3
950   7
951   7
952   0
953   0
954   7
955   1
956   7
957   3
958   7
959   0
960   0
961   7
962   7
963   5
964   7
965   6
966   0
967   5
968   7
969   7
970   7
971   7
972   7
973   4
974   0
975   0
976   7
977   7
978   7
979   7
980   6
981   7
982   0
983   5
984   7
985   4
986   0
987   7
988   7
989   3
990   0
991   7
992   0
993   0
994   7
995   6
996   7
997   7
998   5
999   0
1000   0
1001   7
1002   5
1003   7
1004   0
1005   0
1006   7
1007   7
1008   2
1009   7
1010   0
1011   0
1012   7
1013   7
1014   7
1015   6
1016   7
1017   5
1018   2
1019   7
1020   7
1021   7
1022   7
1023   7
1024   0
1025   6
1026   7
1027   7
1028   6
1029   7
1030   7
1031   7
1032   0
1033   7
1034   7
1035   7
1036   7
1037   6
1038   7
1039   6
1040   7
1041   7
1042   6
1043   7
1044   0
1045   4
1046   3
1047   2
1048   7
1049   4
1050   7
1051   5
1052   7
1053   0
1054   6
1055   7
1056   7
1057   7
1058   5
1059   7
1060   7
1061   4
1062   6
1063   2
1064   7
1065   0
1066   7
1067   6
1068   1
1069   7
1070   7
1071   4
1072   7
1073   0
1074   0
1075   0
1076   7
1077   5
1078   4
1079   4
1080   3
1081   3
1082   3
1083   6
1084   3
1085   6
1086   7
1087   4
1088   1
1089   7
1090   7
1091   6
1092   7
1093   2
1094   7
1095   7
1096   0
1097   7
1098   2
1099   7
1100   4
1101   7
1102   7
1103   6
1104   7
1105   2
1106   7
1107   7
1108   3
1109   7
1110   3
1111   7
1112   1
1113   7
1114   7
1115   7
1116   7
1117   7
1118   0
1119   3
1120   6
1121   7
1122   7
1123   7
1124   7
1125   2
1126   5
1127   4
1128   7
1129   1
1130   7
1131   7
1132   1
1133   0
1134   7
1135   0
1136   7
1137   7
1138   1
1139   7
1140   7
1141   6
1142   2
1143   7
1144   7
1145   4
1146   7
1147   6
1148   6
1149   1
1150   4
1151   1
1152   7
1153   7
1154   7
1155   7
1156   4
1157   1
1158   7
1159   3
1160   5
1161   0
1162   6
1163   7
1164   1
1165   7
1166   0
1167   0
1168   2
1169   7
1170   4
1171   7
1172   0
1173   2
1174   2
1175   7
1176   4
1177   1
1178   6
1179   5
1180   7
1181   1
1182   0
1183   3
1184   0
1185   2
1186   2
1187   2
1188   7
1189   7
1190   0
1191   0
1192   2
1193   0
1194   4
1195   6
1196   0
1197   5
1198   0
1199   6
1200   7
1201   7
1202   7
1203   7
1204   4
1205   7
1206   7
1207   7
1208   6
1209   2
1210   5
1211   0
1212   7
1213   7
1214   0
1215   7
1216   7
1217   4
1218   6
1219   2
1220   7
1221   7
1222   7
1223   7
1224   6
1225   2
1226   4
1227   0
1228   7
1229   7
1230   5
1231   1
1232   7
1233   2
1234   7
1235   1
1236   7
1237   7
1238   7
1239   7
1240   7
1241   7
1242   6
1243   4
1244   7
1245   7
1246   5
1247   6
1248   7
1249   2
1250   7
1251   7
1252   7
1253   6
1254   7
1255   6
1256   7
1257   2
1258   3
1259   6
1260   1
1261   6
1262   2
1263   4
1264   0
1265   7
1266   1
1267   3
1268   7
1269   2
1270   4
1271   5
1272   7
1273   5
1274   7
1275   7
1276   1
1277   6
1278   7
1279   4
1280   6
1281   3
1282   5
1283   2
1284   0
1285   6
1286   5
1287   7
1288   7
1289   5
1290   6
1291   7
1292   7
1293   7
1294   0
1295   5
1296   7
1297   7
1298   4
1299   7
1300   7
1301   7
1302   4
1303   0
1304   4
1305   6
1306   7
1307   5
1308   0
1309   2
1310   4
1311   7
1312   7
1313   4
1314   7
1315   0
1316   1
1317   7
1318   3
1319   7
1320   0
1321   7
1322   0
1323   7
1324   2
1325   5
1326   7
1327   7
1328   4
1329   7
1330   7
1331   7
1332   0
1333   7
1334   0
1335   7
1336   7
1337   7
1338   7
1339   7
1340   7
1341   7
1342   7
1343   7
1344   5
1345   0
1346   6
1347   6
1348   7
1349   4
1350   7
1351   3
1352   5
1353   7
1354   7
1355   7
1356   3
1357   7
1358   6
1359   7
1360   5
1361   7
1362   7
1363   2
1364   0
1365   0
1366   7
1367   2
1368   1
1369   2
1370   5
1371   6
1372   2
1373   7
1374   7
1375   6
1376   7
1377   1
1378   4
1379   0
1380   7
1381   6
1382   3
1383   2
1384   6
1385   5
1386   0
1387   6
1388   7
1389   7
1390   3
1391   4
1392   0
1393   7
1394   4
1395   0
1396   6
1397   7
1398   4
1399   7
1400   4
1401   7
1402   4
1403   7
1404   7
1405   6
1406   5
1407   7
1408   0
1409   5
1410   4
1411   7
1412   7
1413   6
1414   6
1415   7
1416   7
1417   7
1418   1
1419   3
1420   0
1421   0
1422   7
1423   5
1424   1
1425   4
1426   7
1427   7
1428   3
1429   5
1430   7
1431   7
1432   4
1433   4
1434   7
1435   4
1436   4
1437   0
1438   4
1439   6
1440   6
1441   7
1442   7
1443   2
1444   1
1445   6
1446   2
1447   7
1448   2
1449   7
1450   6
1451   5
1452   6
1453   0
1454   3
1455   7
1456   6
1457   0
1458   6
1459   7
1460   0
1461   7
1462   1
1463   0
1464   7
1465   7
1466   0
1467   2
1468   1
1469   7
1470   6
1471   7
1472   7
1473   5
1474   7
1475   7
1476   6
1477   7
1478   7
1479   7
1480   7
1481   7
1482   7
1483   7
1484   0
1485   6
1486   5
1487   5
1488   7
1489   7
1490   7
1491   7
1492   7
1493   7
1494   3
1495   5
1496   7
1497   7
1498   4
1499   6
1500   7
1501   7
1502   1
1503   7
1504   7
1505   7
1506   6
1507   0
1508   7
1509   7
1510   7
1511   7
1512   6
1513   6
1514   6
1515   7
1516   7
1517   7
1518   7
1519   6
1520   4
1521   0
1522   7
1523   0
1524   7
1525   4
1526   6
1527   1
1528   7
1529   7
1530   4
1531   4
1532   7
1533   0
1534   0
1535   4
1536   7
1537   7
1538   7
1539   7
1540   7
1541   7
1542   7
1543   7
1544   7
1545   4
1546   7
1547   7
1548   7
1549   5
1550   7
1551   7
1552   0
1553   0
1554   0
1555   5
1556   0
1557   3
1558   7
1559   7
1560   7
1561   6
1562   4
1563   6
1564   6
1565   7
1566   1
1567   6
1568   4
1569   7
1570   7
1571   7
1572   5
1573   6
1574   1
1575   7
1576   7
1577   6
1578   4
1579   5
1580   6
1581   7
1582   7
1583   7
1584   0
1585   7
1586   7
1587   7
1588   0
1589   7
1590   5
1591   6
1592   6
1593   0
1594   0
1595   2
1596   7
1597   5
1598   7
1599   7
1600   0
1601   7
1602   5
1603   0
1604   7
1605   7
1606   7
1607   4
1608   7
1609   7
1610   7
1611   7
1612   7
1613   7
1614   6
1615   7
1616   7
1617   2
1618   6
1619   1
1620   7
1621   7
1622   7
1623   0
1624   7
1625   0
1626   6
1627   0
1628   7
1629   7
1630   3
1631   7
1632   0
1633   7
1634   0
1635   7
1636   7
1637   7
1638   7
1639   6
1640   7
1641   7
1642   0
1643   7
1644   7
1645   7
1646   7
1647   7
1648   3
1649   7
1650   7
1651   4
1652   7
1653   7
1654   7
1655   7
1656   7
1657   7
1658   7
1659   7
1660   7
1661   1
1662   7
1663   7
1664   7
1665   6
1666   6
1667   4
1668   7
1669   7
1670   7
1671   7
1672   0
1673   5
1674   0
1675   6
1676   4
1677   0
1678   0
1679   6
1680   4
1681   7
1682   7
1683   7
1684   7
1685   7
1686   4
1687   4
1688   0
1689   0
1690   7
1691   4
1692   0
1693   5
1694   7
1695   6
1696   7
1697   7
1698   7
1699   3
1700   7
1701   7
1702   7
1703   6
1704   7
1705   7
1706   2
1707   2
1708   7
1709   6
1710   1
1711   4
1712   7
1713   7
1714   0
1715   6
1716   7
1717   4
1718   0
1719   6
1720   7
1721   4
1722   7
1723   2
1724   6
1725   7
1726   7
1727   7
1728   5
1729   7
1730   7
1731   7
1732   7
1733   7
1734   7
1735   7
1736   7
1737   7
1738   7
1739   6
1740   7
1741   4
1742   7
1743   7
1744   7
1745   7
1746   7
1747   3
1748   7
1749   7
1750   7
1751   7
1752   7
1753   7
1754   4
1755   6
1756   7
1757   7
1758   7
1759   6
1760   0
1761   7
1762   4
1763   6
1764   1
1765   0
1766   7
1767   0
1768   7
1769   0
1770   5
1771   6
1772   7
1773   0
1774   4
1775   2
1776   0
1777   7
1778   7
1779   7
1780   7
1781   7
1782   7
1783   7
1784   7
1785   7
1786   4
1787   4
1788   7
1789   5
1790   6
1791   7
1792   6
1793   4
1794   7
1795   7
1796   7
1797   5
1798   6
1799   7
1800   5
1801   0
1802   7
1803   7
1804   7
1805   7
1806   7
1807   2
1808   7
1809   6
1810   3
1811   1
1812   4
1813   6
1814   4
1815   7
1816   7
1817   7
1818   1
1819   7
1820   7
1821   7
1822   6
1823   7
1824   4
1825   7
1826   7
1827   6
1828   5
1829   7
1830   7
1831   6
1832   0
1833   0
1834   5
1835   2
1836   7
1837   7
1838   4
1839   5
1840   4
1841   4
1842   7
1843   7
1844   5
1845   7
1846   7
1847   7
1848   6
1849   7
1850   0
1851   7
1852   5
1853   4
1854   7
1855   4
1856   4
1857   7
1858   0
1859   3
1860   0
1861   1
1862   0
1863   0
1864   2
1865   7
1866   4
1867   7
1868   0
1869   0
1870   0
1871   0
1872   2
1873   7
1874   4
1875   6
1876   4
1877   4
1878   7
1879   7
1880   6
1881   7
1882   6
1883   4
1884   7
1885   7
1886   0
1887   7
1888   4
1889   1
1890   7
1891   1
1892   7
1893   5
1894   7
1895   0
1896   3
1897   7
1898   6
1899   7
1900   6
1901   4
1902   5
1903   7
1904   7
1905   6
1906   4
1907   6
1908   0
1909   0
1910   7
1911   0
1912   5
1913   4
1914   0
1915   0
1916   2
1917   1
1918   4
1919   3
1920   1
1921   6
1922   4
1923   4
1924   4
1925   7
1926   7
1927   7
1928   5
1929   1
1930   4
1931   6
1932   6
1933   7
1934   7
1935   7
1936   7
1937   5
1938   0
1939   7
1940   7
1941   7
1942   4
1943   6
1944   0
1945   7
1946   0
1947   0
1948   7
1949   0
1950   7
1951   1
1952   7
1953   7
1954   4
1955   3
1956   6
1957   7
1958   7
1959   7
1960   0
1961   7
1962   0
1963   5
1964   7
1965   1
1966   1
1967   3
1968   7
1969   7
1970   7
1971   7
1972   7
1973   7
1974   7
1975   6
1976   7
1977   7
1978   0
1979   0
1980   1
1981   0
1982   3
1983   6
1984   4
1985   7
1986   1
1987   7
1988   7
1989   7
1990   6
1991   7
1992   7
1993   7
1994   7
1995   7
1996   4
1997   6
1998   7
1999   7
2000   5
2001   2
2002   7
2003   7
2004   7
2005   7
2006   7
2007   2
2008   1
2009   4
2010   7
2011   7
2012   2
2013   2
2014   7
2015   4
2016   7
2017   7
2018   7
2019   2
2020   4
2021   6
2022   7
2023   1
2024   7
2025   4
2026   2
2027   7
2028   5
2029   0
2030   0
2031   4
2032   7
2033   7
2034   7
2035   0
2036   7
2037   7
2038   7
2039   7
2040   7
2041   7
2042   7
2043   0
2044   5
2045   7
2046   0
2047   7
2048   0
2049   4
2050   0
2051   4
2052   0
2053   7
2054   1
2055   5
2056   2
2057   7
2058   5
2059   2
2060   7
2061   1
2062   7
2063   1
2064   6
2065   7
2066   5
2067   7
2068   0
2069   7
2070   0
2071   0
2072   7
2073   7
2074   6
2075   7
2076   0
2077   0
2078   6
2079   6
2080   4
2081   5
2082   7
2083   7
2084   6
2085   7
2086   7
2087   7
2088   1
2089   1
2090   0
2091   0
2092   2
2093   4
2094   0
2095   0
2096   3
2097   4
2098   3
2099   2
2100   0
2101   0
2102   0
2103   4
2104   0
2105   4
2106   4
2107   0
2108   0
2109   4
2110   7
2111   7
2112   0
2113   7
2114   0
2115   0
2116   4
2117   7
2118   5
2119   0
2120   0
2121   7
2122   0
2123   7
2124   0
2125   6
2126   7
2127   0
2128   7
2129   0
2130   7
2131   7
2132   0
2133   0
2134   0
2135   6
2136   7
2137   4
2138   7
2139   7
2140   7
2141   5
2142   0
2143   0
2144   0
2145   0
2146   7
2147   0
2148   4
2149   7
2150   7
2151   7
2152   0
2153   7
2154   0
2155   5
2156   7
2157   7
2158   6
2159   0
2160   4
2161   0
2162   0
2163   2
2164   0
2165   0
2166   0
2167   0
2168   2
2169   4
2170   3
2171   3
2172   7
2173   7
2174   0
2175   0
2176   4
2177   7
2178   0
2179   0
2180   4
2181   7
2182   0
2183   0
2184   7
2185   0
2186   7
2187   1
2188   0
2189   1
2190   7
2191   7
2192   2
2193   0
2194   1
2195   0
2196   4
2197   4
2198   7
2199   7
2200   0
2201   3
2202   0
2203   0
2204   7
2205   5
2206   7
2207   6
2208   0
2209   1
2210   7
2211   7
2212   0
2213   0
2214   0
2215   0
2216   0
2217   0
2218   3
2219   0
2220   0
2221   0
2222   5
2223   1
2224   0
2225   0
2226   4
2227   0
2228   0
2229   6
2230   0
2231   0
2232   7
2233   7
2234   3
2235   7
2236   3
2237   5
2238   7
2239   7
2240   0
2241   0
2242   7
2243   7
2244   6
2245   6
2246   7
2247   5
2248   0
2249   7
2250   4
2251   6
2252   7
2253   7
2254   1
2255   5
2256   0
2257   7
2258   7
2259   7
2260   7
2261   4
2262   2
2263   6
2264   4
2265   0
2266   7
2267   0
2268   7
2269   7
2270   0
2271   0
2272   7
2273   1
2274   7
2275   4
2276   7
2277   0
2278   3
2279   7
2280   4
2281   4
2282   4
2283   3
2284   0
2285   0
2286   0
2287   7
2288   0
2289   0
2290   7
2291   7
2292   5
2293   4
2294   7
2295   6
2296   6
2297   0
2298   4
2299   0
2300   1
2301   4
2302   0
2303   0
2304   7
2305   0
2306   0
2307   0
2308   6
2309   5
2310   7
2311   7
2312   7
2313   7
2314   7
2315   2
2316   7
2317   6
2318   0
2319   7
2320   7
2321   2
2322   7
2323   2
2324   5
2325   7
2326   6
2327   7
2328   5
2329   6
2330   7
2331   0
2332   6
2333   7
2334   0
2335   5
2336   0
2337   0
2338   7
2339   7
2340   0
2341   0
2342   7
2343   7
2344   7
2345   4
2346   2
2347   6
2348   7
2349   7
2350   7
2351   7
2352   7
2353   7
2354   7
2355   7
2356   7
2357   7
2358   0
2359   7
2360   7
2361   7
2362   7
2363   6
2364   7
2365   7
2366   7
2367   7
2368   2
2369   0
2370   0
2371   0
2372   1
2373   0
2374   0
2375   7
2376   4
2377   0
2378   4
2379   0
2380   7
2381   7
2382   0
2383   2
2384   7
2385   0
2386   0
2387   0
2388   7
2389   7
2390   7
2391   4
2392   0
2393   0
2394   4
2395   0
2396   7
2397   6
2398   7
2399   5
2400   0
2401   0
2402   0
2403   0
2404   7
2405   7
2406   7
2407   7
2408   7
2409   0
2410   5
2411   7
2412   7
2413   7
2414   0
2415   7
2416   0
2417   3
2418   6
2419   7
2420   7
2421   7
2422   0
2423   7
2424   4
2425   7
2426   0
2427   7
2428   5
2429   6
2430   7
2431   4
2432   7
2433   0
2434   3
2435   0
2436   6
2437   7
2438   7
2439   6
2440   2
2441   5
2442   4
2443   0
2444   0
2445   0
2446   1
2447   7
2448   7
2449   6
2450   6
2451   0
2452   6
2453   1
2454   0
2455   4
2456   4
2457   0
2458   3
2459   0
2460   0
2461   0
2462   1
2463   7
2464   0
2465   0
2466   0
2467   0
2468   7
2469   0
2470   0
2471   7
2472   4
2473   0
2474   0
2475   0
2476   4
2477   0
2478   0
2479   4
2480   0
2481   7
2482   0
2483   7
2484   0
2485   1
2486   2
2487   7
2488   5
2489   7
2490   0
2491   0
2492   7
2493   0
2494   6
2495   7
2496   0
2497   4
2498   7
2499   5
2500   0
2501   5
2502   7
2503   0
2504   0
2505   6
2506   0
2507   3
2508   7
2509   0
2510   0
2511   0
2512   5
2513   0
2514   0
2515   0
2516   0
2517   0
2518   7
2519   1
2520   0
2521   7
2522   5
2523   0
2524   5
2525   7
2526   7
2527   0
2528   0
2529   4
2530   0
2531   7
2532   0
2533   7
2534   0
2535   0
2536   0
2537   0
2538   3
2539   0
2540   0
2541   0
2542   0
2543   0
2544   0
2545   0
2546   3
2547   6
2548   0
2549   0
2550   7
2551   7
2552   4
2553   7
2554   5
2555   1
2556   0
2557   4
2558   4
2559   7
2560   7
2561   4
2562   7
2563   2
2564   7
2565   7
2566   6
2567   7
2568   5
2569   7
2570   6
2571   5
2572   2
2573   6
2574   6
2575   5
2576   5
2577   7
2578   7
2579   4
2580   4
2581   7
2582   7
2583   4
2584   7
2585   7
2586   1
2587   0
2588   3
2589   5
2590   5
2591   4
2592   1
2593   4
2594   0
2595   6
2596   7
2597   7
2598   7
2599   7
2600   3
2601   1
2602   1
2603   6
2604   7
2605   3
2606   6
2607   5
2608   0
2609   7
2610   7
2611   7
2612   0
2613   7
2614   7
2615   7
2616   4
2617   4
2618   7
2619   4
2620   7
2621   3
2622   7
2623   4
2624   1
2625   0
2626   0
2627   1
2628   0
2629   0
2630   0
2631   0
2632   2
2633   6
2634   0
2635   0
2636   0
2637   0
2638   0
2639   4
2640   7
2641   1
2642   7
2643   6
2644   5
2645   4
2646   4
2647   4
2648   1
2649   4
2650   7
2651   1
2652   1
2653   3
2654   7
2655   7
2656   0
2657   2
2658   7
2659   7
2660   7
2661   7
2662   7
2663   7
2664   4
2665   7
2666   7
2667   7
2668   7
2669   7
2670   7
2671   7
2672   7
2673   1
2674   7
2675   0
2676   0
2677   0
2678   0
2679   7
2680   1
2681   4
2682   7
2683   6
2684   7
2685   7
2686   7
2687   0
2688   0
2689   7
2690   0
2691   7
2692   3
2693   7
2694   7
2695   7
2696   7
2697   5
2698   2
2699   7
2700   2
2701   5
2702   5
2703   1
2704   2
2705   1
2706   1
2707   0
2708   4
2709   7
2710   1
2711   3
2712   0
2713   7
2714   4
2715   6
2716   2
2717   0
2718   7
2719   3
2720   0
2721   7
2722   3
2723   3
2724   1
2725   7
2726   7
2727   7
2728   7
2729   0
2730   0
2731   5
2732   3
2733   6
2734   6
2735   6
2736   7
2737   7
2738   2
2739   1
2740   0
2741   7
2742   0
2743   6
2744   7
2745   7
2746   7
2747   5
2748   0
2749   4
2750   7
2751   0
2752   1
2753   6
2754   6
2755   4
2756   0
2757   1
2758   0
2759   6
2760   0
2761   1
2762   6
2763   0
2764   3
2765   7
2766   0
2767   7
2768   7
2769   4
2770   7
2771   0
2772   3
2773   7
2774   3
2775   1
2776   1
2777   7
2778   0
2779   0
2780   7
2781   0
2782   0
2783   7
2784   7
2785   4
2786   3
2787   0
2788   7
2789   7
2790   5
2791   7
2792   7
2793   7
2794   5
2795   7
2796   6
2797   7
2798   3
2799   7
2800   0
2801   6
2802   4
2803   3
2804   7
2805   7
2806   6
2807   7
2808   7
2809   0
2810   2
2811   4
2812   7
2813   5
2814   4
2815   1
2816   7
2817   5
2818   2
2819   7
2820   7
2821   6
2822   7
2823   7
2824   0
2825   0
2826   0
2827   4
2828   3
2829   7
2830   5
2831   5
2832   7
2833   7
2834   7
2835   7
2836   6
2837   4
2838   6
2839   7
2840   7
2841   1
2842   0
2843   7
2844   6
2845   1
2846   3
2847   0
2848   7
2849   3
2850   7
2851   5
2852   1
2853   1
2854   0
2855   7
2856   7
2857   5
2858   5
2859   7
2860   6
2861   3
2862   7
2863   7
2864   0
2865   7
2866   3
2867   0
2868   7
2869   2
2870   0
2871   3
2872   0
2873   7
2874   0
2875   0
2876   0
2877   7
2878   0
2879   0
2880   0
2881   0
2882   0
2883   3
2884   0
2885   0
2886   0
2887   0
2888   6
2889   0
2890   0
2891   0
2892   7
2893   7
2894   0
2895   5
2896   4
2897   6
2898   7
2899   4
2900   4
2901   4
2902   4
2903   4
2904   7
2905   7
2906   7
2907   6
2908   4
2909   6
2910   7
2911   7
2912   0
2913   7
2914   0
2915   5
2916   0
2917   7
2918   3
2919   7
2920   7
2921   2
2922   7
2923   0
2924   7
2925   5
2926   0
2927   7
2928   2
2929   7
2930   3
2931   6
2932   0
2933   0
2934   1
2935   7
2936   2
2937   1
2938   0
2939   6
2940   7
2941   0
2942   2
2943   4
2944   7
2945   4
2946   6
2947   7
2948   7
2949   7
2950   7
2951   6
2952   1
2953   7
2954   7
2955   7
2956   7
2957   5
2958   4
2959   7
2960   7
2961   4
2962   0
2963   6
2964   3
2965   7
2966   4
2967   0
2968   4
2969   5
2970   7
2971   1
2972   6
2973   7
2974   7
2975   6
2976   7
2977   6
2978   7
2979   4
2980   7
2981   6
2982   7
2983   6
2984   6
2985   4
2986   7
2987   1
2988   4
2989   5
2990   5
2991   4
2992   5
2993   5
2994   3
2995   7
2996   0
2997   7
2998   3
2999   5
3000   7
3001   7
3002   3
3003   7
3004   6
3005   7
3006   7
3007   7
3008   0
3009   0
3010   2
3011   2
3012   0
3013   5
3014   7
3015   4
3016   2
3017   0
3018   7
3019   0
3020   3
3021   0
3022   7
3023   1
3024   7
3025   6
3026   6
3027   7
3028   6
3029   6
3030   7
3031   3
3032   6
3033   7
3034   6
3035   4
3036   0
3037   6
3038   7
3039   7
3040   7
3041   7
3042   7
3043   2
3044   2
3045   1
3046   7
3047   7
3048   5
3049   0
3050   3
3051   5
3052   0
3053   1
3054   3
3055   6
3056   5
3057   7
3058   7
3059   7
3060   7
3061   0
3062   3
3063   7
3064   0
3065   4
3066   0
3067   4
3068   0
3069   7
3070   7
3071   0
3072   6
3073   7
3074   7
3075   7
3076   7
3077   7
3078   7
3079   7
3080   7
3081   7
3082   0
3083   7
3084   0
3085   7
3086   5
3087   7
3088   0
3089   0
3090   7
3091   6
3092   7
3093   0
3094   5
3095   0
3096   4
3097   1
3098   0
3099   1
3100   4
3101   3
3102   7
3103   0
3104   4
3105   7
3106   7
3107   7
3108   7
3109   7
3110   0
3111   0
3112   1
3113   3
3114   0
3115   2
3116   4
3117   7
3118   0
3119   6
3120   4
3121   7
3122   3
3123   4
3124   6
3125   7
3126   0
3127   3
3128   5
3129   7
3130   0
3131   4
3132   0
3133   7
3134   0
3135   2
3136   1
3137   1
3138   0
3139   0
3140   7
3141   3
3142   4
3143   6
3144   6
3145   7
3146   3
3147   4
3148   7
3149   7
3150   1
3151   7
3152   4
3153   3
3154   7
3155   1
3156   7
3157   3
3158   5
3159   1
3160   1
3161   7
3162   7
3163   7
3164   5
3165   7
3166   7
3167   0
3168   7
3169   2
3170   7
3171   7
3172   7
3173   0
3174   4
3175   4
3176   7
3177   5
3178   3
3179   0
3180   7
3181   7
3182   7
3183   3
3184   7
3185   7
3186   7
3187   7
3188   7
3189   7
3190   7
3191   6
3192   0
3193   7
3194   1
3195   0
3196   6
3197   1
3198   7
3199   2
3200   1
3201   2
3202   0
3203   7
3204   0
3205   2
3206   2
3207   5
3208   7
3209   4
3210   7
3211   7
3212   3
3213   0
3214   0
3215   0
3216   2
3217   6
3218   7
3219   7
3220   3
3221   0
3222   0
3223   0
3224   0
3225   7
3226   2
3227   0
3228   4
3229   7
3230   6
3231   7
3232   1
3233   3
3234   7
3235   6
3236   3
3237   0
3238   4
3239   6
3240   3
3241   4
3242   4
3243   1
3244   2
3245   1
3246   7
3247   7
3248   1
3249   7
3250   0
3251   5
3252   1
3253   7
3254   0
3255   7
3256   3
3257   5
3258   2
3259   3
3260   1
3261   0
3262   2
3263   0
3264   0
3265   0
3266   7
3267   2
3268   0
3269   0
3270   1
3271   0
3272   7
3273   0
3274   7
3275   7
3276   0
3277   1
3278   0
3279   0
3280   7
3281   7
3282   1
3283   7
3284   4
3285   3
3286   7
3287   3
3288   0
3289   7
3290   0
3291   5
3292   0
3293   0
3294   1
3295   5
3296   1
3297   7
3298   0
3299   3
3300   0
3301   2
3302   0
3303   1
3304   7
3305   7
3306   1
3307   7
3308   4
3309   4
3310   5
3311   6
3312   0
3313   2
3314   0
3315   3
3316   0
3317   1
3318   0
3319   7
3320   7
3321   2
3322   1
3323   7
3324   5
3325   0
3326   0
3327   0
3328   0
3329   7
3330   6
3331   7
3332   6
3333   7
3334   5
3335   0
3336   7
3337   7
3338   7
3339   0
3340   1
3341   7
3342   7
3343   0
3344   5
3345   1
3346   1
3347   5
3348   1
3349   6
3350   6
3351   7
3352   0
3353   0
3354   7
3355   7
3356   5
3357   6
3358   7
3359   7
3360   6
3361   7
3362   7
3363   7
3364   4
3365   7
3366   7
3367   7
3368   6
3369   2
3370   7
3371   4
3372   4
3373   7
3374   7
3375   2
3376   0
3377   7
3378   0
3379   7
3380   0
3381   7
3382   1
3383   4
3384   7
3385   7
3386   7
3387   7
3388   7
3389   7
3390   7
3391   3
3392   0
3393   1
3394   4
3395   1
3396   0
3397   0
3398   6
3399   3
3400   1
3401   6
3402   5
3403   3
3404   0
3405   1
3406   7
3407   4
3408   0
3409   4
3410   0
3411   0
3412   7
3413   7
3414   7
3415   0
3416   1
3417   3
3418   7
3419   0
3420   4
3421   7
3422   7
3423   2
3424   6
3425   4
3426   7
3427   0
3428   1
3429   4
3430   7
3431   7
3432   7
3433   7
3434   4
3435   6
3436   7
3437   0
3438   7
3439   0
3440   6
3441   7
3442   0
3443   0
3444   0
3445   7
3446   0
3447   2
3448   6
3449   5
3450   2
3451   3
3452   5
3453   0
3454   1
3455   7
3456   0
3457   4
3458   2
3459   3
3460   0
3461   5
3462   0
3463   0
3464   4
3465   1
3466   4
3467   0
3468   0
3469   0
3470   0
3471   6
3472   0
3473   7
3474   0
3475   0
3476   0
3477   0
3478   7
3479   1
3480   3
3481   7
3482   4
3483   4
3484   4
3485   0
3486   7
3487   7
3488   7
3489   3
3490   7
3491   7
3492   7
3493   3
3494   7
3495   4
3496   5
3497   6
3498   4
3499   5
3500   4
3501   7
3502   0
3503   2
3504   3
3505   7
3506   0
3507   1
3508   6
3509   7
3510   0
3511   6
3512   0
3513   5
3514   6
3515   7
3516   0
3517   7
3518   1
3519   4
3520   3
3521   7
3522   6
3523   3
3524   0
3525   6
3526   7
3527   7
3528   7
3529   4
3530   7
3531   0
3532   7
3533   7
3534   0
3535   0
3536   0
3537   7
3538   7
3539   0
3540   7
3541   7
3542   6
3543   7
3544   7
3545   4
3546   5
3547   4
3548   1
3549   4
3550   7
3551   7
3552   7
3553   0
3554   5
3555   5
3556   0
3557   1
3558   3
3559   5
3560   0
3561   7
3562   2
3563   0
3564   0
3565   7
3566   7
3567   3
3568   1
3569   5
3570   6
3571   7
3572   6
3573   4
3574   7
3575   1
3576   0
3577   7
3578   7
3579   1
3580   7
3581   1
3582   4
3583   7
3584   7
3585   1
3586   4
3587   0
3588   5
3589   0
3590   0
3591   7
3592   3
3593   3
3594   7
3595   6
3596   7
3597   0
3598   0
3599   5
3600   2
3601   5
3602   1
3603   3
3604   7
3605   4
3606   7
3607   7
3608   3
3609   7
3610   0
3611   7
3612   7
3613   7
3614   0
3615   0
3616   5
3617   6
3618   0
3619   7
3620   7
3621   2
3622   7
3623   0
3624   6
3625   1
3626   6
3627   0
3628   0
3629   0
3630   5
3631   0
3632   7
3633   7
3634   2
3635   7
3636   7
3637   7
3638   7
3639   0
3640   2
3641   0
3642   6
3643   6
3644   0
3645   0
3646   4
3647   5
3648   1
3649   0
3650   4
3651   0
3652   7
3653   7
3654   6
3655   2
3656   7
3657   7
3658   1
3659   7
3660   7
3661   7
3662   7
3663   5
3664   7
3665   1
3666   6
3667   7
3668   7
3669   7
3670   7
3671   7
3672   7
3673   1
3674   7
3675   7
3676   7
3677   7
3678   7
3679   7
3680   5
3681   6
3682   7
3683   7
3684   7
3685   7
3686   6
3687   7
3688   7
3689   7
3690   7
3691   7
3692   7
3693   7
3694   6
3695   4
3696   7
3697   6
3698   7
3699   7
3700   0
3701   6
3702   7
3703   7
3704   0
3705   7
3706   2
3707   7
3708   1
3709   6
3710   7
3711   7
3712   1
3713   0
3714   7
3715   0
3716   7
3717   7
3718   2
3719   7
3720   2
3721   6
3722   5
3723   7
3724   0
3725   2
3726   0
3727   6
3728   7
3729   0
3730   5
3731   7
3732   7
3733   7
3734   7
3735   7
3736   4
3737   7
3738   0
3739   6
3740   0
3741   7
3742   0
3743   7
3744   0
3745   7
3746   3
3747   7
3748   7
3749   7
3750   6
3751   7
3752   4
3753   7
3754   7
3755   7
3756   4
3757   7
3758   7
3759   7
3760   7
3761   7
3762   3
3763   4
3764   7
3765   7
3766   5
3767   7
3768   0
3769   0
3770   0
3771   5
3772   7
3773   4
3774   2
3775   4
3776   0
3777   2
3778   0
3779   7
3780   7
3781   7
3782   7
3783   7
3784   0
3785   0
3786   0
3787   5
3788   0
3789   7
3790   7
3791   4
3792   7
3793   7
3794   7
3795   7
3796   7
3797   0
3798   7
3799   7
3800   7
3801   0
3802   7
3803   7
3804   7
3805   0
3806   7
3807   7
3808   0
3809   0
3810   7
3811   7
3812   0
3813   7
3814   7
3815   7
3816   0
3817   2
3818   0
3819   5
3820   4
3821   7
3822   4
3823   6
3824   5
3825   7
3826   7
3827   7
3828   7
3829   6
3830   7
3831   7
3832   0
3833   6
3834   7
3835   7
3836   7
3837   2
3838   7
3839   7
3840   0
3841   7
3842   7
3843   1
3844   6
3845   4
3846   0
3847   3
3848   7
3849   0
3850   6
3851   7
3852   6
3853   7
3854   7
3855   6
3856   4
3857   7
3858   5
3859   0
3860   7
3861   7
3862   7
3863   3
3864   7
3865   7
3866   2
3867   7
3868   0
3869   3
3870   0
3871   7
3872   5
3873   7
3874   3
3875   6
3876   6
3877   1
3878   3
3879   7
3880   7
3881   0
3882   4
3883   7
3884   6
3885   5
3886   7
3887   0
3888   0
3889   3
3890   7
3891   0
3892   6
3893   7
3894   3
3895   7
3896   1
3897   7
3898   0
3899   0
3900   1
3901   7
3902   7
3903   7
3904   0
3905   7
3906   4
3907   2
3908   0
3909   7
3910   4
3911   0
3912   4
3913   6
3914   0
3915   7
3916   7
3917   7
3918   0
3919   7
3920   4
3921   0
3922   5
3923   0
3924   7
3925   7
3926   4
3927   5
3928   5
3929   1
3930   7
3931   7
3932   0
3933   4
3934   0
3935   7
3936   0
3937   7
3938   7
3939   7
3940   0
3941   6
3942   0
3943   7
3944   7
3945   0
3946   7
3947   7
3948   0
3949   7
3950   7
3951   4
3952   6
3953   0
3954   7
3955   4
3956   7
3957   4
3958   0
3959   7
3960   4
3961   4
3962   4
3963   2
3964   7
3965   7
3966   7
3967   7
3968   4
3969   5
3970   0
3971   7
3972   3
3973   7
3974   1
3975   6
3976   7
3977   4
3978   3
3979   7
3980   7
3981   4
3982   7
3983   4
3984   0
3985   7
3986   0
3987   6
3988   0
3989   0
3990   0
3991   0
3992   4
3993   7
3994   4
3995   7
3996   4
3997   7
3998   4
3999   4
4000   0
4001   5
4002   0
4003   0
4004   0
4005   0
4006   0
4007   0
4008   7
4009   0
4010   4
4011   4
4012   0
4013   7
4014   4
4015   0
4016   7
4017   0
4018   0
4019   2
4020   7
4021   1
4022   5
4023   7
4024   0
4025   1
4026   0
4027   2
4028   0
4029   6
4030   4
4031   3
4032   7
4033   7
4034   0
4035   7
4036   7
4037   7
4038   1
4039   7
4040   7
4041   7
4042   7
4043   0
4044   4
4045   7
4046   0
4047   7
4048   0
4049   0
4050   7
4051   0
4052   7
4053   6
4054   7
4055   2
4056   7
4057   7
4058   7
4059   4
4060   7
4061   6
4062   4
4063   7
4064   5
4065   4
4066   4
4067   7
4068   7
4069   7
4070   5
4071   7
4072   5
4073   7
4074   4
4075   7
4076   5
4077   2
4078   0
4079   4
4080   5
4081   0
4082   7
4083   2
4084   0
4085   0
4086   7
4087   7
4088   6
4089   1
4090   3
4091   7
4092   4
4093   0
4094   7
4095   7
