COMMAND
./sim gshare 12 10 jpeg_trace.txt
OUTPUT
number of predictions:		2000000
number of mispredictions:	145941
misprediction rate:		7.30%
FINAL GSHARE CONTENTS
0   6
1   6
2   4
3   4
4   4
5   4
6   7
7   6
8   6
9   4
10   4
11   7
12   5
13   4
14   6
15   4
16   3
17   7
18   7
19   4
20   7
21   2
22   7
23   5
24   1
25   4
26   7
27   6
28   4
29   4
30   4
31   7
32   4
33   6
34   7
35   0
36   6
37   4
38   4
39   5
40   4
41   2
42   4
43   4
44   6
45   4
46   7
47   3
48   7
49   7
50   4
51   5
52   7
53   7
54   0
55   7
56   3
57   7
58   0
59   4
60   2
61   4
62   4
63   4
64   0
65   4
66   5
67   4
68   4
69   5
70   6
71   4
72   6
73   7
74   0
75   4
76   4
77   3
78   4
79   4
80   4
81   0
82   6
83   7
84   4
85   5
86   4
87   1
88   4
89   7
90   7
91   4
92   3
93   0
94   4
95   4
96   4
97   7
98   7
99   7
100   7
101   7
102   3
103   0
104   4
105   6
106   7
107   7
108   4
109   7
110   4
111   5
112   4
113   7
114   6
115   4
116   7
117   7
118   7
119   6
120   4
121   4
122   5
123   7
124   4
125   4
126   4
127   6
128   5
129   4
130   4
131   6
132   4
133   4
134   7
135   4
136   7
137   7
138   7
139   5
140   4
141   4
142   4
143   4
144   4
145   4
146   4
147   4
148   0
149   4
150   6
151   7
152   6
153   4
154   4
155   2
156   7
157   7
158   0
159   7
160   4
161   7
162   4
163   2
164   4
165   7
166   5
167   6
168   7
169   7
170   4
171   5
172   7
173   4
174   4
175   4
176   4
177   4
178   4
179   7
180   4
181   7
182   4
183   4
184   0
185   6
186   4
187   6
188   4
189   1
190   0
191   4
192   7
193   7
194   4
195   6
196   4
197   7
198   2
199   7
200   7
201   6
202   4
203   4
204   2
205   4
206   4
207   4
208   5
209   7
210   0
211   0
212   6
213   6
214   7
215   4
216   1
217   7
218   4
219   0
220   5
221   5
222   4
223   4
224   4
225   6
226   7
227   4
228   7
229   7
230   7
231   5
232   3
233   4
234   4
235   3
236   4
237   5
238   4
239   4
240   4
241   4
242   4
243   7
244   3
245   7
246   6
247   4
248   0
249   0
250   4
251   4
252   4
253   4
254   3
255   0
256   7
257   7
258   4
259   4
260   5
261   7
262   0
263   4
264   7
265   7
266   6
267   7
268   4
269   0
270   7
271   5
272   2
273   2
274   5
275   1
276   4
277   7
278   4
279   2
280   4
281   0
282   4
283   4
284   4
285   4
286   4
287   4
288   4
289   4
290   2
291   0
292   7
293   4
294   3
295   7
296   0
297   7
298   5
299   6
300   4
301   7
302   4
303   4
304   7
305   7
306   7
307   7
308   0
309   4
310   0
311   7
312   2
313   4
314   4
315   4
316   4
317   4
318   4
319   4
320   0
321   4
322   4
323   4
324   4
325   2
326   4
327   6
328   6
329   4
330   7
331   7
332   6
333   0
334   5
335   4
336   1
337   4
338   2
339   4
340   2
341   2
342   7
343   0
344   7
345   4
346   7
347   6
348   4
349   1
350   4
351   1
352   4
353   2
354   4
355   4
356   4
357   4
358   4
359   0
360   4
361   7
362   5
363   4
364   4
365   2
366   0
367   4
368   4
369   4
370   0
371   7
372   6
373   0
374   2
375   5
376   1
377   6
378   1
379   7
380   7
381   0
382   4
383   7
384   2
385   2
386   4
387   5
388   7
389   7
390   3
391   5
392   6
393   5
394   7
395   6
396   3
397   4
398   6
399   4
400   7
401   7
402   5
403   3
404   4
405   4
406   7
407   4
408   7
409   0
410   5
411   4
412   5
413   4
414   1
415   4
416   7
417   0
418   4
419   7
420   0
421   4
422   7
423   6
424   4
425   7
426   0
427   7
428   3
429   6
430   2
431   6
432   2
433   1
434   3
435   1
436   5
437   0
438   4
439   4
440   6
441   4
442   0
443   7
444   1
445   0
446   6
447   4
448   2
449   7
450   1
451   7
452   4
453   0
454   7
455   2
456   6
457   7
458   7
459   0
460   1
461   3
462   4
463   5
464   2
465   7
466   7
467   1
468   7
469   7
470   6
471   7
472   7
473   7
474   4
475   0
476   3
477   4
478   7
479   4
480   3
481   3
482   5
483   4
484   4
485   5
486   7
487   2
488   4
489   7
490   7
491   0
492   4
493   7
494   7
495   0
496   0
497   0
498   6
499   4
500   2
501   4
502   7
503   7
504   4
505   4
506   7
507   6
508   0
509   7
510   4
511   4
512   4
513   0
514   7
515   4
516   2
517   5
518   6
519   1
520   4
521   1
522   2
523   7
524   4
525   4
526   4
527   7
528   7
529   4
530   4
531   4
532   4
533   0
534   0
535   7
536   2
537   0
538   4
539   7
540   1
541   7
542   0
543   4
544   4
545   4
546   0
547   4
548   4
549   6
550   0
551   6
552   2
553   4
554   0
555   7
556   4
557   4
558   2
559   0
560   0
561   4
562   4
563   4
564   2
565   7
566   4
567   4
568   4
569   3
570   7
571   4
572   7
573   5
574   4
575   4
576   4
577   4
578   3
579   1
580   6
581   4
582   2
583   5
584   7
585   4
586   4
587   3
588   7
589   4
590   4
591   4
592   4
593   4
594   7
595   7
596   4
597   0
598   4
599   7
600   4
601   2
602   4
603   7
604   4
605   1
606   4
607   7
608   7
609   7
610   7
611   6
612   7
613   7
614   6
615   1
616   0
617   7
618   7
619   4
620   7
621   4
622   7
623   6
624   7
625   4
626   4
627   4
628   6
629   4
630   3
631   7
632   4
633   7
634   4
635   4
636   7
637   7
638   7
639   7
640   5
641   7
642   7
643   5
644   4
645   7
646   4
647   7
648   7
649   7
650   6
651   4
652   4
653   4
654   4
655   4
656   4
657   2
658   5
659   7
660   0
661   4
662   7
663   7
664   3
665   0
666   7
667   6
668   1
669   4
670   3
671   4
672   4
673   6
674   4
675   7
676   4
677   4
678   7
679   0
680   6
681   1
682   7
683   7
684   7
685   6
686   4
687   7
688   2
689   4
690   4
691   4
692   7
693   4
694   4
695   4
696   4
697   7
698   7
699   0
700   7
701   7
702   4
703   4
704   7
705   4
706   4
707   6
708   7
709   7
710   4
711   3
712   7
713   7
714   4
715   6
716   4
717   7
718   7
719   2
720   5
721   7
722   7
723   7
724   4
725   4
726   7
727   7
728   7
729   6
730   7
731   7
732   7
733   7
734   7
735   7
736   7
737   4
738   7
739   7
740   1
741   4
742   7
743   7
744   7
745   7
746   7
747   7
748   0
749   4
750   7
751   5
752   7
753   7
754   5
755   7
756   7
757   5
758   5
759   4
760   6
761   7
762   4
763   5
764   6
765   6
766   7
767   4
768   5
769   7
770   0
771   7
772   4
773   7
774   1
775   0
776   1
777   7
778   4
779   7
780   6
781   4
782   1
783   7
784   7
785   5
786   7
787   0
788   2
789   4
790   0
791   7
792   4
793   4
794   4
795   4
796   6
797   4
798   4
799   4
800   4
801   5
802   4
803   4
804   4
805   4
806   4
807   7
808   4
809   4
810   4
811   4
812   2
813   4
814   3
815   4
816   4
817   3
818   4
819   4
820   6
821   4
822   4
823   4
824   0
825   4
826   4
827   4
828   5
829   0
830   4
831   6
832   7
833   0
834   3
835   2
836   4
837   5
838   4
839   0
840   4
841   4
842   7
843   6
844   7
845   4
846   5
847   7
848   4
849   6
850   7
851   4
852   6
853   4
854   6
855   4
856   4
857   3
858   7
859   7
860   4
861   4
862   4
863   4
864   4
865   4
866   7
867   7
868   3
869   0
870   5
871   7
872   7
873   0
874   7
875   7
876   4
877   2
878   4
879   7
880   4
881   4
882   3
883   6
884   4
885   0
886   4
887   4
888   4
889   4
890   4
891   4
892   2
893   4
894   7
895   2
896   6
897   7
898   7
899   7
900   4
901   4
902   4
903   7
904   4
905   4
906   7
907   4
908   4
909   6
910   6
911   7
912   4
913   7
914   3
915   7
916   4
917   7
918   7
919   6
920   7
921   7
922   6
923   4
924   4
925   7
926   6
927   2
928   7
929   4
930   3
931   2
932   1
933   4
934   4
935   1
936   4
937   5
938   4
939   4
940   0
941   0
942   1
943   4
944   4
945   4
946   4
947   4
948   4
949   4
950   4
951   2
952   4
953   3
954   2
955   5
956   5
957   1
958   4
959   4
960   6
961   7
962   7
963   7
964   6
965   2
966   2
967   4
968   7
969   7
970   4
971   7
972   4
973   7
974   1
975   4
976   4
977   6
978   7
979   6
980   7
981   4
982   4
983   7
984   6
985   7
986   4
987   4
988   7
989   0
990   6
991   6
992   3
993   0
994   7
995   7
996   3
997   1
998   4
999   7
1000   4
1001   7
1002   7
1003   0
1004   5
1005   1
1006   0
1007   7
1008   0
1009   6
1010   5
1011   7
1012   0
1013   2
1014   0
1015   0
1016   6
1017   4
1018   1
1019   5
1020   7
1021   7
1022   0
1023   6
1024   7
1025   7
1026   7
1027   7
1028   7
1029   7
1030   7
1031   7
1032   7
1033   0
1034   6
1035   4
1036   7
1037   7
1038   7
1039   1
1040   4
1041   7
1042   5
1043   7
1044   2
1045   7
1046   7
1047   7
1048   7
1049   7
1050   1
1051   6
1052   4
1053   4
1054   7
1055   2
1056   7
1057   7
1058   3
1059   7
1060   7
1061   7
1062   7
1063   7
1064   4
1065   7
1066   7
1067   7
1068   7
1069   6
1070   7
1071   4
1072   7
1073   4
1074   4
1075   7
1076   7
1077   7
1078   7
1079   7
1080   1
1081   7
1082   4
1083   7
1084   7
1085   6
1086   7
1087   1
1088   7
1089   7
1090   7
1091   7
1092   2
1093   7
1094   7
1095   4
1096   5
1097   7
1098   7
1099   7
1100   7
1101   7
1102   1
1103   0
1104   7
1105   7
1106   7
1107   2
1108   7
1109   7
1110   0
1111   0
1112   7
1113   7
1114   7
1115   7
1116   7
1117   7
1118   0
1119   7
1120   7
1121   7
1122   6
1123   7
1124   7
1125   5
1126   7
1127   7
1128   7
1129   7
1130   0
1131   0
1132   7
1133   7
1134   7
1135   7
1136   6
1137   7
1138   7
1139   0
1140   6
1141   7
1142   1
1143   1
1144   4
1145   7
1146   7
1147   7
1148   6
1149   7
1150   3
1151   7
1152   7
1153   0
1154   3
1155   7
1156   6
1157   6
1158   7
1159   7
1160   0
1161   7
1162   7
1163   4
1164   0
1165   7
1166   7
1167   0
1168   2
1169   0
1170   1
1171   7
1172   7
1173   5
1174   0
1175   0
1176   0
1177   7
1178   7
1179   0
1180   0
1181   0
1182   0
1183   6
1184   0
1185   0
1186   0
1187   7
1188   6
1189   5
1190   6
1191   0
1192   0
1193   1
1194   0
1195   0
1196   5
1197   6
1198   0
1199   0
1200   0
1201   1
1202   7
1203   0
1204   6
1205   7
1206   2
1207   2
1208   0
1209   0
1210   2
1211   3
1212   6
1213   2
1214   0
1215   0
1216   3
1217   2
1218   7
1219   6
1220   1
1221   7
1222   7
1223   6
1224   4
1225   7
1226   7
1227   7
1228   7
1229   0
1230   7
1231   3
1232   7
1233   7
1234   5
1235   7
1236   4
1237   0
1238   4
1239   7
1240   7
1241   7
1242   7
1243   2
1244   7
1245   7
1246   7
1247   6
1248   1
1249   6
1250   7
1251   7
1252   1
1253   7
1254   7
1255   7
1256   1
1257   7
1258   0
1259   4
1260   7
1261   7
1262   7
1263   7
1264   7
1265   7
1266   7
1267   3
1268   6
1269   5
1270   7
1271   6
1272   7
1273   7
1274   7
1275   7
1276   0
1277   2
1278   0
1279   0
1280   7
1281   0
1282   7
1283   0
1284   7
1285   7
1286   7
1287   7
1288   6
1289   7
1290   0
1291   7
1292   7
1293   7
1294   6
1295   7
1296   4
1297   7
1298   0
1299   4
1300   7
1301   7
1302   7
1303   7
1304   7
1305   7
1306   7
1307   7
1308   0
1309   7
1310   7
1311   0
1312   7
1313   7
1314   7
1315   6
1316   7
1317   7
1318   6
1319   7
1320   7
1321   7
1322   6
1323   7
1324   7
1325   0
1326   3
1327   0
1328   4
1329   0
1330   7
1331   7
1332   7
1333   7
1334   7
1335   7
1336   7
1337   7
1338   7
1339   6
1340   5
1341   7
1342   0
1343   0
1344   1
1345   7
1346   0
1347   0
1348   5
1349   2
1350   0
1351   7
1352   7
1353   0
1354   7
1355   7
1356   3
1357   6
1358   1
1359   2
1360   5
1361   1
1362   1
1363   0
1364   7
1365   0
1366   0
1367   0
1368   0
1369   7
1370   7
1371   7
1372   7
1373   7
1374   7
1375   0
1376   1
1377   7
1378   7
1379   7
1380   7
1381   2
1382   7
1383   4
1384   4
1385   7
1386   1
1387   7
1388   0
1389   0
1390   2
1391   1
1392   4
1393   1
1394   7
1395   7
1396   7
1397   7
1398   7
1399   7
1400   5
1401   7
1402   2
1403   7
1404   7
1405   7
1406   7
1407   7
1408   7
1409   7
1410   7
1411   7
1412   7
1413   6
1414   7
1415   7
1416   0
1417   7
1418   4
1419   7
1420   4
1421   7
1422   3
1423   7
1424   3
1425   2
1426   0
1427   0
1428   0
1429   0
1430   4
1431   4
1432   7
1433   6
1434   7
1435   7
1436   7
1437   6
1438   7
1439   7
1440   7
1441   0
1442   7
1443   0
1444   7
1445   7
1446   7
1447   7
1448   7
1449   7
1450   6
1451   1
1452   5
1453   7
1454   7
1455   7
1456   2
1457   7
1458   0
1459   2
1460   0
1461   7
1462   5
1463   4
1464   7
1465   2
1466   7
1467   7
1468   7
1469   6
1470   7
1471   6
1472   7
1473   4
1474   7
1475   7
1476   7
1477   7
1478   7
1479   7
1480   7
1481   7
1482   7
1483   7
1484   7
1485   6
1486   7
1487   7
1488   1
1489   0
1490   4
1491   0
1492   4
1493   2
1494   0
1495   7
1496   7
1497   7
1498   7
1499   7
1500   1
1501   7
1502   7
1503   6
1504   7
1505   7
1506   7
1507   0
1508   7
1509   0
1510   7
1511   6
1512   5
1513   7
1514   7
1515   7
1516   7
1517   4
1518   7
1519   6
1520   4
1521   7
1522   3
1523   7
1524   7
1525   7
1526   7
1527   7
1528   4
1529   7
1530   7
1531   7
1532   7
1533   0
1534   7
1535   7
1536   1
1537   1
1538   1
1539   0
1540   0
1541   0
1542   0
1543   0
1544   7
1545   6
1546   0
1547   7
1548   6
1549   7
1550   0
1551   6
1552   0
1553   0
1554   7
1555   0
1556   0
1557   0
1558   6
1559   7
1560   7
1561   3
1562   0
1563   0
1564   0
1565   6
1566   7
1567   7
1568   0
1569   0
1570   4
1571   7
1572   7
1573   7
1574   7
1575   7
1576   7
1577   4
1578   2
1579   7
1580   0
1581   1
1582   0
1583   1
1584   0
1585   0
1586   0
1587   0
1588   5
1589   0
1590   7
1591   7
1592   6
1593   0
1594   0
1595   0
1596   0
1597   0
1598   0
1599   0
1600   0
1601   7
1602   7
1603   0
1604   4
1605   3
1606   0
1607   3
1608   0
1609   0
1610   7
1611   0
1612   0
1613   0
1614   0
1615   0
1616   7
1617   7
1618   7
1619   0
1620   0
1621   0
1622   7
1623   0
1624   3
1625   0
1626   0
1627   0
1628   0
1629   4
1630   0
1631   0
1632   7
1633   0
1634   7
1635   0
1636   0
1637   0
1638   3
1639   7
1640   0
1641   0
1642   1
1643   0
1644   7
1645   3
1646   4
1647   6
1648   7
1649   6
1650   1
1651   0
1652   0
1653   0
1654   0
1655   0
1656   0
1657   0
1658   7
1659   0
1660   0
1661   0
1662   6
1663   0
1664   0
1665   2
1666   4
1667   7
1668   5
1669   6
1670   7
1671   7
1672   7
1673   7
1674   4
1675   7
1676   7
1677   7
1678   5
1679   7
1680   7
1681   7
1682   4
1683   7
1684   7
1685   5
1686   6
1687   1
1688   0
1689   2
1690   7
1691   7
1692   7
1693   0
1694   2
1695   6
1696   3
1697   3
1698   7
1699   3
1700   7
1701   7
1702   7
1703   6
1704   6
1705   0
1706   2
1707   1
1708   0
1709   7
1710   6
1711   7
1712   7
1713   5
1714   1
1715   7
1716   0
1717   0
1718   0
1719   0
1720   7
1721   5
1722   7
1723   0
1724   2
1725   7
1726   0
1727   7
1728   6
1729   7
1730   7
1731   0
1732   0
1733   6
1734   7
1735   0
1736   7
1737   6
1738   7
1739   0
1740   7
1741   7
1742   7
1743   7
1744   0
1745   5
1746   7
1747   3
1748   1
1749   7
1750   0
1751   6
1752   6
1753   0
1754   7
1755   2
1756   7
1757   7
1758   6
1759   7
1760   7
1761   7
1762   1
1763   6
1764   4
1765   4
1766   6
1767   1
1768   7
1769   0
1770   0
1771   4
1772   5
1773   2
1774   7
1775   0
1776   0
1777   7
1778   5
1779   7
1780   0
1781   0
1782   2
1783   0
1784   7
1785   7
1786   7
1787   6
1788   7
1789   7
1790   0
1791   7
1792   7
1793   0
1794   7
1795   6
1796   0
1797   1
1798   0
1799   7
1800   6
1801   7
1802   0
1803   7
1804   6
1805   6
1806   0
1807   0
1808   6
1809   2
1810   2
1811   4
1812   7
1813   5
1814   6
1815   7
1816   7
1817   5
1818   0
1819   7
1820   7
1821   1
1822   0
1823   0
1824   1
1825   5
1826   7
1827   1
1828   0
1829   2
1830   0
1831   4
1832   7
1833   5
1834   5
1835   7
1836   5
1837   4
1838   4
1839   2
1840   0
1841   6
1842   0
1843   6
1844   7
1845   2
1846   1
1847   0
1848   0
1849   7
1850   3
1851   1
1852   4
1853   7
1854   4
1855   6
1856   0
1857   7
1858   0
1859   0
1860   0
1861   0
1862   4
1863   6
1864   7
1865   1
1866   0
1867   1
1868   7
1869   2
1870   5
1871   5
1872   5
1873   0
1874   5
1875   0
1876   7
1877   1
1878   6
1879   4
1880   7
1881   0
1882   7
1883   7
1884   0
1885   2
1886   0
1887   6
1888   0
1889   3
1890   7
1891   7
1892   7
1893   7
1894   6
1895   7
1896   7
1897   0
1898   4
1899   0
1900   0
1901   3
1902   0
1903   0
1904   0
1905   7
1906   7
1907   6
1908   1
1909   1
1910   0
1911   7
1912   6
1913   4
1914   0
1915   2
1916   2
1917   3
1918   7
1919   0
1920   0
1921   0
1922   0
1923   0
1924   0
1925   1
1926   0
1927   2
1928   7
1929   0
1930   0
1931   7
1932   7
1933   0
1934   0
1935   0
1936   6
1937   2
1938   5
1939   3
1940   0
1941   0
1942   0
1943   0
1944   5
1945   7
1946   0
1947   0
1948   4
1949   0
1950   4
1951   6
1952   0
1953   7
1954   0
1955   4
1956   0
1957   0
1958   0
1959   0
1960   7
1961   0
1962   4
1963   5
1964   0
1965   0
1966   0
1967   6
1968   7
1969   0
1970   0
1971   5
1972   6
1973   7
1974   7
1975   6
1976   0
1977   1
1978   2
1979   1
1980   0
1981   0
1982   0
1983   7
1984   7
1985   1
1986   1
1987   7
1988   3
1989   0
1990   2
1991   7
1992   7
1993   7
1994   7
1995   7
1996   7
1997   7
1998   4
1999   7
2000   2
2001   1
2002   7
2003   1
2004   0
2005   2
2006   7
2007   5
2008   6
2009   7
2010   7
2011   7
2012   0
2013   0
2014   6
2015   0
2016   4
2017   0
2018   6
2019   7
2020   7
2021   3
2022   7
2023   6
2024   3
2025   0
2026   5
2027   3
2028   6
2029   7
2030   6
2031   7
2032   0
2033   7
2034   7
2035   7
2036   0
2037   0
2038   7
2039   7
2040   1
2041   6
2042   7
2043   6
2044   7
2045   7
2046   7
2047   7
2048   0
2049   7
2050   7
2051   7
2052   7
2053   7
2054   4
2055   7
2056   3
2057   0
2058   6
2059   0
2060   3
2061   0
2062   3
2063   7
2064   2
2065   0
2066   6
2067   7
2068   3
2069   7
2070   2
2071   0
2072   7
2073   0
2074   5
2075   0
2076   0
2077   7
2078   7
2079   3
2080   7
2081   2
2082   0
2083   4
2084   7
2085   0
2086   4
2087   7
2088   0
2089   7
2090   0
2091   0
2092   4
2093   7
2094   7
2095   0
2096   3
2097   3
2098   7
2099   7
2100   5
2101   7
2102   7
2103   7
2104   2
2105   2
2106   4
2107   0
2108   4
2109   7
2110   7
2111   7
2112   0
2113   7
2114   0
2115   6
2116   0
2117   0
2118   7
2119   6
2120   7
2121   3
2122   2
2123   7
2124   1
2125   7
2126   4
2127   6
2128   2
2129   7
2130   3
2131   7
2132   7
2133   2
2134   7
2135   5
2136   7
2137   4
2138   4
2139   3
2140   1
2141   7
2142   7
2143   2
2144   7
2145   7
2146   7
2147   3
2148   7
2149   4
2150   6
2151   4
2152   7
2153   7
2154   7
2155   4
2156   6
2157   7
2158   7
2159   6
2160   5
2161   6
2162   1
2163   7
2164   3
2165   2
2166   4
2167   5
2168   4
2169   4
2170   7
2171   7
2172   3
2173   7
2174   7
2175   7
2176   4
2177   6
2178   6
2179   7
2180   0
2181   7
2182   0
2183   7
2184   7
2185   7
2186   4
2187   7
2188   0
2189   7
2190   7
2191   4
2192   7
2193   7
2194   7
2195   1
2196   5
2197   7
2198   7
2199   7
2200   7
2201   5
2202   7
2203   2
2204   7
2205   4
2206   4
2207   2
2208   7
2209   7
2210   2
2211   7
2212   7
2213   7
2214   7
2215   7
2216   0
2217   7
2218   0
2219   7
2220   0
2221   7
2222   7
2223   7
2224   6
2225   7
2226   2
2227   7
2228   6
2229   6
2230   3
2231   7
2232   7
2233   7
2234   7
2235   7
2236   7
2237   7
2238   7
2239   5
2240   0
2241   0
2242   0
2243   7
2244   7
2245   5
2246   3
2247   6
2248   7
2249   7
2250   5
2251   6
2252   7
2253   7
2254   4
2255   2
2256   1
2257   4
2258   0
2259   4
2260   7
2261   2
2262   7
2263   7
2264   6
2265   2
2266   6
2267   5
2268   6
2269   7
2270   3
2271   7
2272   7
2273   7
2274   7
2275   7
2276   7
2277   4
2278   7
2279   7
2280   7
2281   0
2282   5
2283   7
2284   7
2285   4
2286   7
2287   7
2288   0
2289   7
2290   7
2291   2
2292   7
2293   7
2294   7
2295   7
2296   7
2297   7
2298   5
2299   7
2300   0
2301   7
2302   3
2303   7
2304   3
2305   7
2306   7
2307   7
2308   7
2309   7
2310   7
2311   7
2312   7
2313   7
2314   7
2315   6
2316   7
2317   7
2318   0
2319   7
2320   5
2321   4
2322   7
2323   7
2324   4
2325   7
2326   7
2327   5
2328   0
2329   7
2330   1
2331   6
2332   7
2333   7
2334   2
2335   7
2336   7
2337   7
2338   6
2339   7
2340   7
2341   7
2342   4
2343   6
2344   3
2345   7
2346   4
2347   1
2348   7
2349   7
2350   4
2351   6
2352   0
2353   7
2354   7
2355   4
2356   6
2357   0
2358   6
2359   7
2360   7
2361   2
2362   7
2363   7
2364   3
2365   7
2366   0
2367   7
2368   7
2369   0
2370   0
2371   4
2372   7
2373   0
2374   2
2375   7
2376   7
2377   7
2378   7
2379   6
2380   4
2381   2
2382   0
2383   6
2384   1
2385   7
2386   6
2387   4
2388   4
2389   6
2390   7
2391   3
2392   0
2393   2
2394   7
2395   7
2396   7
2397   7
2398   7
2399   7
2400   7
2401   4
2402   7
2403   4
2404   5
2405   7
2406   1
2407   7
2408   3
2409   0
2410   6
2411   6
2412   3
2413   0
2414   2
2415   1
2416   4
2417   4
2418   7
2419   7
2420   2
2421   0
2422   2
2423   7
2424   7
2425   0
2426   7
2427   7
2428   7
2429   5
2430   6
2431   4
2432   4
2433   4
2434   0
2435   0
2436   4
2437   0
2438   6
2439   7
2440   7
2441   6
2442   7
2443   7
2444   7
2445   7
2446   6
2447   7
2448   7
2449   3
2450   5
2451   6
2452   7
2453   7
2454   0
2455   1
2456   1
2457   3
2458   4
2459   0
2460   7
2461   7
2462   7
2463   7
2464   7
2465   0
2466   7
2467   0
2468   6
2469   4
2470   7
2471   5
2472   6
2473   6
2474   0
2475   7
2476   4
2477   7
2478   7
2479   5
2480   7
2481   0
2482   4
2483   4
2484   7
2485   4
2486   7
2487   2
2488   4
2489   4
2490   2
2491   5
2492   7
2493   4
2494   7
2495   4
2496   7
2497   7
2498   2
2499   5
2500   7
2501   7
2502   7
2503   7
2504   7
2505   6
2506   7
2507   7
2508   7
2509   0
2510   4
2511   0
2512   0
2513   7
2514   6
2515   4
2516   1
2517   7
2518   0
2519   6
2520   0
2521   7
2522   7
2523   7
2524   0
2525   7
2526   4
2527   4
2528   0
2529   7
2530   5
2531   0
2532   0
2533   7
2534   0
2535   7
2536   2
2537   7
2538   4
2539   7
2540   1
2541   7
2542   4
2543   6
2544   7
2545   7
2546   7
2547   7
2548   7
2549   7
2550   7
2551   4
2552   4
2553   7
2554   5
2555   4
2556   7
2557   7
2558   7
2559   4
2560   7
2561   7
2562   7
2563   7
2564   7
2565   7
2566   0
2567   1
2568   7
2569   3
2570   7
2571   1
2572   7
2573   7
2574   7
2575   7
2576   4
2577   7
2578   4
2579   0
2580   6
2581   7
2582   7
2583   7
2584   7
2585   7
2586   7
2587   7
2588   0
2589   3
2590   1
2591   7
2592   6
2593   7
2594   7
2595   3
2596   7
2597   6
2598   7
2599   6
2600   6
2601   6
2602   0
2603   6
2604   7
2605   6
2606   7
2607   4
2608   1
2609   6
2610   4
2611   6
2612   7
2613   7
2614   6
2615   4
2616   4
2617   7
2618   4
2619   4
2620   7
2621   4
2622   7
2623   6
2624   7
2625   7
2626   7
2627   7
2628   7
2629   7
2630   5
2631   7
2632   7
2633   7
2634   5
2635   7
2636   7
2637   7
2638   6
2639   4
2640   0
2641   7
2642   7
2643   5
2644   7
2645   7
2646   0
2647   4
2648   7
2649   4
2650   2
2651   6
2652   7
2653   7
2654   7
2655   7
2656   7
2657   7
2658   5
2659   1
2660   7
2661   1
2662   4
2663   4
2664   5
2665   7
2666   1
2667   4
2668   7
2669   6
2670   7
2671   6
2672   6
2673   6
2674   6
2675   7
2676   7
2677   7
2678   3
2679   6
2680   7
2681   2
2682   0
2683   6
2684   7
2685   7
2686   1
2687   4
2688   7
2689   7
2690   2
2691   2
2692   2
2693   7
2694   7
2695   1
2696   0
2697   2
2698   7
2699   4
2700   4
2701   6
2702   7
2703   0
2704   7
2705   7
2706   6
2707   1
2708   6
2709   5
2710   7
2711   7
2712   7
2713   7
2714   7
2715   2
2716   7
2717   4
2718   7
2719   7
2720   3
2721   7
2722   7
2723   6
2724   7
2725   7
2726   6
2727   7
2728   5
2729   2
2730   7
2731   0
2732   6
2733   6
2734   7
2735   4
2736   7
2737   7
2738   7
2739   7
2740   7
2741   5
2742   7
2743   7
2744   7
2745   5
2746   7
2747   7
2748   5
2749   7
2750   7
2751   4
2752   7
2753   2
2754   7
2755   0
2756   7
2757   7
2758   7
2759   7
2760   0
2761   6
2762   7
2763   5
2764   7
2765   4
2766   4
2767   5
2768   7
2769   7
2770   7
2771   7
2772   7
2773   7
2774   7
2775   7
2776   7
2777   7
2778   7
2779   7
2780   7
2781   7
2782   7
2783   7
2784   7
2785   7
2786   7
2787   7
2788   7
2789   4
2790   7
2791   7
2792   7
2793   4
2794   7
2795   4
2796   7
2797   7
2798   5
2799   7
2800   7
2801   7
2802   7
2803   6
2804   7
2805   0
2806   7
2807   7
2808   3
2809   5
2810   0
2811   1
2812   6
2813   6
2814   4
2815   0
2816   6
2817   4
2818   7
2819   1
2820   1
2821   3
2822   5
2823   7
2824   0
2825   5
2826   7
2827   0
2828   7
2829   7
2830   7
2831   0
2832   7
2833   7
2834   7
2835   7
2836   0
2837   4
2838   6
2839   6
2840   7
2841   0
2842   0
2843   2
2844   7
2845   6
2846   6
2847   6
2848   2
2849   0
2850   7
2851   4
2852   6
2853   4
2854   3
2855   6
2856   6
2857   4
2858   2
2859   6
2860   6
2861   7
2862   7
2863   4
2864   7
2865   7
2866   3
2867   7
2868   6
2869   5
2870   6
2871   4
2872   7
2873   4
2874   7
2875   1
2876   4
2877   4
2878   5
2879   4
2880   0
2881   7
2882   0
2883   0
2884   7
2885   5
2886   4
2887   4
2888   0
2889   5
2890   0
2891   0
2892   7
2893   7
2894   0
2895   0
2896   3
2897   0
2898   1
2899   1
2900   7
2901   7
2902   6
2903   5
2904   5
2905   4
2906   1
2907   1
2908   4
2909   4
2910   6
2911   5
2912   7
2913   0
2914   7
2915   7
2916   6
2917   2
2918   7
2919   7
2920   7
2921   0
2922   7
2923   7
2924   5
2925   6
2926   7
2927   5
2928   7
2929   0
2930   7
2931   7
2932   7
2933   5
2934   2
2935   1
2936   0
2937   7
2938   1
2939   7
2940   3
2941   7
2942   5
2943   0
2944   3
2945   7
2946   0
2947   4
2948   3
2949   7
2950   7
2951   6
2952   1
2953   3
2954   7
2955   6
2956   2
2957   7
2958   7
2959   0
2960   1
2961   7
2962   0
2963   7
2964   6
2965   7
2966   5
2967   7
2968   4
2969   0
2970   5
2971   7
2972   7
2973   4
2974   4
2975   1
2976   7
2977   5
2978   7
2979   7
2980   6
2981   7
2982   7
2983   7
2984   1
2985   7
2986   2
2987   5
2988   7
2989   7
2990   7
2991   4
2992   7
2993   7
2994   0
2995   7
2996   0
2997   7
2998   7
2999   7
3000   7
3001   7
3002   6
3003   4
3004   0
3005   7
3006   1
3007   7
3008   7
3009   7
3010   7
3011   7
3012   7
3013   1
3014   7
3015   7
3016   4
3017   7
3018   7
3019   6
3020   1
3021   0
3022   7
3023   4
3024   7
3025   7
3026   2
3027   7
3028   7
3029   7
3030   7
3031   1
3032   7
3033   7
3034   4
3035   7
3036   7
3037   7
3038   0
3039   7
3040   7
3041   7
3042   7
3043   0
3044   7
3045   0
3046   7
3047   7
3048   7
3049   2
3050   6
3051   7
3052   2
3053   6
3054   7
3055   7
3056   7
3057   7
3058   0
3059   0
3060   7
3061   4
3062   3
3063   7
3064   7
3065   7
3066   7
3067   6
3068   1
3069   0
3070   0
3071   4
3072   0
3073   0
3074   0
3075   6
3076   4
3077   4
3078   7
3079   6
3080   4
3081   4
3082   7
3083   4
3084   4
3085   4
3086   7
3087   6
3088   4
3089   4
3090   0
3091   2
3092   6
3093   7
3094   0
3095   3
3096   4
3097   2
3098   0
3099   4
3100   4
3101   4
3102   6
3103   0
3104   4
3105   4
3106   4
3107   7
3108   7
3109   7
3110   7
3111   7
3112   7
3113   5
3114   7
3115   4
3116   4
3117   4
3118   4
3119   0
3120   7
3121   0
3122   0
3123   0
3124   0
3125   4
3126   7
3127   4
3128   1
3129   4
3130   5
3131   0
3132   4
3133   2
3134   0
3135   4
3136   3
3137   6
3138   0
3139   0
3140   1
3141   4
3142   0
3143   1
3144   2
3145   4
3146   7
3147   4
3148   1
3149   3
3150   6
3151   7
3152   4
3153   5
3154   3
3155   0
3156   3
3157   7
3158   0
3159   0
3160   4
3161   0
3162   1
3163   0
3164   4
3165   7
3166   0
3167   7
3168   0
3169   0
3170   4
3171   6
3172   7
3173   7
3174   4
3175   7
3176   7
3177   7
3178   4
3179   7
3180   6
3181   7
3182   0
3183   0
3184   7
3185   3
3186   7
3187   0
3188   6
3189   4
3190   5
3191   4
3192   6
3193   7
3194   1
3195   0
3196   0
3197   0
3198   1
3199   7
3200   4
3201   3
3202   0
3203   0
3204   4
3205   4
3206   4
3207   4
3208   4
3209   4
3210   0
3211   4
3212   6
3213   0
3214   6
3215   0
3216   0
3217   4
3218   6
3219   4
3220   7
3221   2
3222   0
3223   0
3224   2
3225   4
3226   2
3227   7
3228   0
3229   7
3230   6
3231   7
3232   7
3233   3
3234   7
3235   7
3236   7
3237   4
3238   7
3239   4
3240   7
3241   7
3242   6
3243   0
3244   6
3245   0
3246   7
3247   7
3248   5
3249   0
3250   4
3251   7
3252   6
3253   4
3254   3
3255   2
3256   3
3257   7
3258   2
3259   4
3260   3
3261   7
3262   7
3263   4
3264   7
3265   4
3266   5
3267   0
3268   4
3269   7
3270   7
3271   4
3272   7
3273   7
3274   7
3275   7
3276   7
3277   1
3278   4
3279   6
3280   7
3281   0
3282   5
3283   0
3284   5
3285   7
3286   6
3287   7
3288   7
3289   4
3290   5
3291   0
3292   5
3293   6
3294   1
3295   3
3296   0
3297   4
3298   7
3299   7
3300   0
3301   6
3302   4
3303   6
3304   6
3305   7
3306   0
3307   3
3308   2
3309   6
3310   7
3311   7
3312   3
3313   2
3314   1
3315   4
3316   6
3317   4
3318   3
3319   5
3320   4
3321   6
3322   5
3323   3
3324   0
3325   4
3326   2
3327   4
3328   6
3329   7
3330   4
3331   0
3332   4
3333   7
3334   7
3335   6
3336   0
3337   3
3338   6
3339   7
3340   6
3341   4
3342   6
3343   3
3344   0
3345   4
3346   4
3347   7
3348   7
3349   7
3350   7
3351   4
3352   4
3353   0
3354   7
3355   6
3356   7
3357   4
3358   6
3359   6
3360   0
3361   4
3362   4
3363   4
3364   4
3365   0
3366   7
3367   6
3368   6
3369   5
3370   7
3371   4
3372   7
3373   4
3374   7
3375   7
3376   4
3377   1
3378   5
3379   7
3380   4
3381   7
3382   6
3383   7
3384   4
3385   0
3386   4
3387   4
3388   7
3389   0
3390   7
3391   4
3392   5
3393   1
3394   4
3395   4
3396   7
3397   5
3398   4
3399   0
3400   1
3401   0
3402   4
3403   1
3404   4
3405   4
3406   4
3407   4
3408   4
3409   7
3410   3
3411   4
3412   3
3413   6
3414   4
3415   4
3416   1
3417   4
3418   7
3419   0
3420   4
3421   5
3422   4
3423   6
3424   4
3425   4
3426   0
3427   2
3428   0
3429   4
3430   0
3431   7
3432   4
3433   7
3434   7
3435   4
3436   0
3437   7
3438   4
3439   4
3440   4
3441   4
3442   4
3443   5
3444   7
3445   4
3446   4
3447   7
3448   1
3449   4
3450   5
3451   4
3452   5
3453   7
3454   7
3455   4
3456   5
3457   7
3458   4
3459   7
3460   4
3461   7
3462   5
3463   0
3464   7
3465   2
3466   6
3467   4
3468   6
3469   3
3470   4
3471   7
3472   6
3473   4
3474   4
3475   5
3476   6
3477   4
3478   5
3479   4
3480   4
3481   4
3482   3
3483   3
3484   7
3485   7
3486   4
3487   7
3488   4
3489   4
3490   4
3491   0
3492   0
3493   0
3494   0
3495   7
3496   4
3497   6
3498   1
3499   5
3500   0
3501   4
3502   7
3503   4
3504   6
3505   1
3506   4
3507   2
3508   6
3509   3
3510   6
3511   7
3512   7
3513   4
3514   7
3515   7
3516   5
3517   4
3518   6
3519   7
3520   7
3521   4
3522   5
3523   7
3524   7
3525   7
3526   4
3527   5
3528   5
3529   3
3530   1
3531   4
3532   4
3533   7
3534   4
3535   1
3536   4
3537   4
3538   4
3539   6
3540   7
3541   4
3542   6
3543   5
3544   4
3545   7
3546   0
3547   7
3548   4
3549   3
3550   7
3551   6
3552   7
3553   7
3554   4
3555   0
3556   4
3557   7
3558   1
3559   4
3560   7
3561   7
3562   2
3563   1
3564   4
3565   7
3566   6
3567   0
3568   7
3569   7
3570   4
3571   4
3572   3
3573   7
3574   4
3575   4
3576   0
3577   5
3578   6
3579   7
3580   7
3581   5
3582   7
3583   7
3584   0
3585   7
3586   7
3587   4
3588   4
3589   7
3590   7
3591   5
3592   5
3593   1
3594   4
3595   6
3596   7
3597   5
3598   4
3599   7
3600   0
3601   0
3602   7
3603   4
3604   4
3605   7
3606   4
3607   4
3608   4
3609   1
3610   4
3611   4
3612   0
3613   0
3614   5
3615   0
3616   0
3617   7
3618   4
3619   4
3620   0
3621   5
3622   5
3623   1
3624   5
3625   7
3626   4
3627   4
3628   0
3629   4
3630   2
3631   0
3632   0
3633   7
3634   4
3635   0
3636   1
3637   4
3638   4
3639   4
3640   4
3641   4
3642   7
3643   3
3644   2
3645   4
3646   4
3647   7
3648   4
3649   4
3650   7
3651   2
3652   6
3653   0
3654   1
3655   0
3656   6
3657   4
3658   7
3659   7
3660   0
3661   0
3662   4
3663   0
3664   7
3665   7
3666   7
3667   4
3668   4
3669   4
3670   0
3671   7
3672   3
3673   3
3674   7
3675   7
3676   7
3677   2
3678   4
3679   6
3680   4
3681   2
3682   4
3683   6
3684   4
3685   6
3686   4
3687   6
3688   1
3689   0
3690   7
3691   3
3692   4
3693   6
3694   7
3695   2
3696   7
3697   2
3698   4
3699   4
3700   3
3701   4
3702   4
3703   4
3704   7
3705   7
3706   3
3707   0
3708   5
3709   3
3710   7
3711   4
3712   7
3713   4
3714   3
3715   0
3716   7
3717   7
3718   6
3719   0
3720   7
3721   5
3722   7
3723   4
3724   4
3725   4
3726   4
3727   0
3728   6
3729   0
3730   0
3731   2
3732   5
3733   3
3734   0
3735   0
3736   4
3737   5
3738   7
3739   1
3740   7
3741   4
3742   0
3743   5
3744   0
3745   4
3746   0
3747   4
3748   4
3749   6
3750   4
3751   4
3752   0
3753   4
3754   7
3755   4
3756   4
3757   4
3758   4
3759   4
3760   2
3761   5
3762   4
3763   4
3764   0
3765   1
3766   0
3767   4
3768   7
3769   4
3770   6
3771   4
3772   4
3773   7
3774   4
3775   2
3776   4
3777   1
3778   4
3779   0
3780   7
3781   0
3782   0
3783   0
3784   0
3785   0
3786   4
3787   4
3788   4
3789   7
3790   4
3791   3
3792   7
3793   0
3794   5
3795   0
3796   7
3797   4
3798   4
3799   4
3800   4
3801   4
3802   7
3803   4
3804   4
3805   3
3806   7
3807   0
3808   6
3809   5
3810   7
3811   0
3812   0
3813   4
3814   0
3815   2
3816   5
3817   7
3818   4
3819   4
3820   1
3821   0
3822   2
3823   5
3824   1
3825   4
3826   7
3827   0
3828   0
3829   0
3830   4
3831   7
3832   4
3833   0
3834   4
3835   0
3836   0
3837   0
3838   4
3839   0
3840   0
3841   7
3842   6
3843   1
3844   0
3845   7
3846   7
3847   4
3848   0
3849   7
3850   7
3851   0
3852   7
3853   4
3854   2
3855   4
3856   7
3857   7
3858   7
3859   7
3860   4
3861   7
3862   7
3863   7
3864   4
3865   4
3866   4
3867   4
3868   7
3869   7
3870   4
3871   4
3872   4
3873   0
3874   4
3875   0
3876   7
3877   7
3878   4
3879   7
3880   0
3881   4
3882   7
3883   1
3884   4
3885   7
3886   7
3887   7
3888   1
3889   7
3890   0
3891   4
3892   5
3893   4
3894   5
3895   4
3896   5
3897   0
3898   4
3899   5
3900   7
3901   0
3902   5
3903   4
3904   4
3905   2
3906   6
3907   2
3908   0
3909   4
3910   4
3911   7
3912   7
3913   4
3914   7
3915   4
3916   7
3917   7
3918   7
3919   7
3920   4
3921   7
3922   4
3923   6
3924   4
3925   1
3926   7
3927   6
3928   7
3929   4
3930   4
3931   3
3932   0
3933   4
3934   0
3935   0
3936   3
3937   4
3938   7
3939   0
3940   2
3941   4
3942   6
3943   7
3944   4
3945   0
3946   4
3947   0
3948   7
3949   0
3950   4
3951   7
3952   6
3953   4
3954   6
3955   7
3956   6
3957   7
3958   0
3959   4
3960   4
3961   7
3962   7
3963   6
3964   0
3965   4
3966   7
3967   7
3968   7
3969   1
3970   4
3971   7
3972   0
3973   7
3974   7
3975   2
3976   5
3977   5
3978   7
3979   7
3980   4
3981   7
3982   5
3983   1
3984   6
3985   6
3986   7
3987   5
3988   4
3989   7
3990   4
3991   4
3992   7
3993   4
3994   6
3995   4
3996   4
3997   6
3998   7
3999   7
4000   4
4001   7
4002   0
4003   7
4004   4
4005   5
4006   0
4007   4
4008   7
4009   7
4010   7
4011   7
4012   6
4013   7
4014   0
4015   4
4016   7
4017   7
4018   0
4019   7
4020   0
4021   0
4022   4
4023   7
4024   6
4025   7
4026   7
4027   4
4028   6
4029   4
4030   5
4031   7
4032   7
4033   4
4034   4
4035   1
4036   4
4037   7
4038   4
4039   4
4040   2
4041   0
4042   4
4043   7
4044   6
4045   4
4046   4
4047   7
4048   4
4049   3
4050   0
4051   7
4052   4
4053   3
4054   0
4055   5
4056   4
4057   7
4058   4
4059   2
4060   1
4061   7
4062   4
4063   6
4064   7
4065   6
4066   0
4067   7
4068   7
4069   6
4070   4
4071   1
4072   7
4073   7
4074   7
4075   0
4076   1
4077   3
4078   0
4079   7
4080   6
4081   6
4082   7
4083   7
4084   7
4085   7
4086   7
4087   6
4088   7
4089   4
4090   6
4091   3
4092   7
4093   0
4094   7
4095   7
