COMMAND
./sim gshare 12 2 jpeg_trace.txt
OUTPUT
number of predictions:		2000000
number of mispredictions:	148668
misprediction rate:		7.43%
FINAL GSHARE CONTENTS
0   4
1   4
2   4
3   4
4   4
5   4
6   4
7   4
8   4
9   4
10   4
11   4
12   7
13   7
14   7
15   5
16   4
17   2
18   4
19   4
20   4
21   4
22   4
23   4
24   5
25   4
26   4
27   0
28   4
29   4
30   7
31   5
32   5
33   6
34   2
35   4
36   2
37   1
38   0
39   4
40   4
41   2
42   6
43   2
44   4
45   4
46   2
47   7
48   2
49   4
50   6
51   2
52   4
53   4
54   2
55   4
56   2
57   4
58   4
59   2
60   4
61   2
62   7
63   2
64   4
65   7
66   2
67   4
68   2
69   4
70   6
71   4
72   2
73   4
74   4
75   4
76   4
77   7
78   4
79   4
80   4
81   4
82   4
83   7
84   4
85   7
86   4
87   4
88   7
89   4
90   4
91   4
92   7
93   4
94   4
95   4
96   4
97   6
98   5
99   4
100   4
101   4
102   4
103   4
104   7
105   4
106   4
107   4
108   7
109   4
110   4
111   4
112   4
113   4
114   4
115   1
116   4
117   4
118   4
119   4
120   4
121   4
122   4
123   4
124   4
125   7
126   7
127   6
128   4
129   7
130   4
131   4
132   4
133   4
134   7
135   4
136   4
137   4
138   4
139   4
140   4
141   4
142   4
143   4
144   4
145   4
146   4
147   4
148   4
149   6
150   4
151   7
152   4
153   4
154   4
155   4
156   4
157   4
158   4
159   4
160   4
161   3
162   7
163   4
164   2
165   4
166   4
167   4
168   4
169   4
170   6
171   4
172   4
173   6
174   4
175   4
176   7
177   4
178   4
179   3
180   4
181   4
182   4
183   4
184   4
185   4
186   4
187   4
188   4
189   3
190   6
191   4
192   4
193   4
194   4
195   6
196   4
197   4
198   4
199   2
200   4
201   4
202   4
203   4
204   6
205   4
206   4
207   4
208   4
209   4
210   4
211   4
212   4
213   7
214   0
215   7
216   0
217   6
218   6
219   4
220   4
221   5
222   4
223   4
224   7
225   7
226   7
227   7
228   4
229   4
230   0
231   6
232   5
233   1
234   7
235   4
236   4
237   4
238   4
239   4
240   4
241   4
242   4
243   4
244   0
245   3
246   2
247   7
248   4
249   4
250   6
251   7
252   2
253   4
254   4
255   6
256   4
257   4
258   4
259   7
260   4
261   4
262   4
263   4
264   7
265   4
266   0
267   4
268   4
269   4
270   4
271   4
272   4
273   4
274   4
275   4
276   4
277   4
278   4
279   4
280   0
281   0
282   0
283   0
284   4
285   0
286   6
287   0
288   0
289   4
290   0
291   4
292   7
293   6
294   7
295   7
296   7
297   4
298   4
299   6
300   4
301   6
302   6
303   6
304   4
305   0
306   4
307   4
308   0
309   4
310   6
311   5
312   4
313   4
314   7
315   4
316   4
317   4
318   7
319   4
320   3
321   4
322   4
323   4
324   4
325   4
326   3
327   7
328   3
329   4
330   4
331   4
332   4
333   4
334   5
335   5
336   3
337   4
338   4
339   7
340   4
341   6
342   4
343   4
344   4
345   7
346   4
347   4
348   4
349   2
350   4
351   4
352   4
353   4
354   4
355   4
356   4
357   4
358   0
359   4
360   3
361   4
362   4
363   7
364   4
365   2
366   4
367   4
368   2
369   4
370   2
371   4
372   4
373   2
374   5
375   4
376   2
377   4
378   2
379   7
380   4
381   2
382   4
383   2
384   7
385   2
386   4
387   7
388   3
389   4
390   7
391   4
392   7
393   4
394   4
395   4
396   6
397   4
398   4
399   4
400   4
401   4
402   7
403   6
404   4
405   4
406   4
407   5
408   4
409   4
410   4
411   4
412   7
413   4
414   7
415   6
416   1
417   4
418   2
419   4
420   7
421   6
422   4
423   4
424   4
425   4
426   7
427   0
428   4
429   3
430   4
431   4
432   4
433   4
434   4
435   0
436   4
437   0
438   4
439   4
440   4
441   7
442   4
443   4
444   4
445   4
446   4
447   4
448   4
449   6
450   4
451   4
452   0
453   4
454   4
455   4
456   4
457   4
458   4
459   4
460   4
461   4
462   4
463   4
464   4
465   4
466   4
467   4
468   4
469   4
470   4
471   4
472   4
473   6
474   4
475   0
476   4
477   0
478   4
479   4
480   4
481   0
482   4
483   0
484   6
485   7
486   7
487   7
488   4
489   4
490   6
491   4
492   4
493   4
494   4
495   2
496   0
497   4
498   2
499   0
500   7
501   6
502   5
503   7
504   4
505   4
506   4
507   4
508   5
509   6
510   7
511   7
512   4
513   5
514   5
515   7
516   3
517   3
518   4
519   7
520   0
521   3
522   0
523   4
524   7
525   6
526   7
527   4
528   4
529   7
530   0
531   4
532   4
533   4
534   4
535   4
536   4
537   1
538   4
539   4
540   7
541   4
542   7
543   4
544   4
545   7
546   4
547   4
548   4
549   4
550   4
551   4
552   0
553   7
554   6
555   7
556   4
557   4
558   4
559   4
560   4
561   4
562   4
563   4
564   7
565   4
566   7
567   4
568   4
569   4
570   4
571   4
572   4
573   4
574   4
575   4
576   2
577   4
578   0
579   0
580   4
581   4
582   2
583   0
584   4
585   4
586   4
587   7
588   4
589   4
590   4
591   4
592   4
593   4
594   4
595   0
596   4
597   7
598   0
599   0
600   6
601   0
602   4
603   1
604   7
605   7
606   4
607   4
608   4
609   7
610   0
611   0
612   0
613   4
614   4
615   4
616   4
617   4
618   4
619   4
620   4
621   1
622   7
623   1
624   0
625   1
626   7
627   4
628   4
629   7
630   7
631   4
632   7
633   4
634   7
635   4
636   4
637   4
638   7
639   0
640   4
641   4
642   4
643   4
644   0
645   4
646   1
647   7
648   3
649   1
650   0
651   4
652   4
653   4
654   4
655   4
656   4
657   4
658   3
659   0
660   4
661   7
662   4
663   4
664   4
665   7
666   4
667   4
668   4
669   5
670   4
671   4
672   4
673   4
674   4
675   4
676   4
677   4
678   4
679   4
680   4
681   4
682   4
683   6
684   4
685   4
686   4
687   4
688   0
689   4
690   7
691   4
692   4
693   4
694   4
695   7
696   4
697   4
698   4
699   6
700   4
701   1
702   7
703   4
704   4
705   4
706   4
707   4
708   4
709   4
710   7
711   4
712   4
713   4
714   4
715   4
716   4
717   4
718   4
719   4
720   4
721   4
722   5
723   4
724   4
725   4
726   4
727   4
728   7
729   4
730   4
731   4
732   4
733   4
734   4
735   6
736   4
737   4
738   1
739   0
740   4
741   6
742   4
743   4
744   4
745   4
746   4
747   4
748   7
749   4
750   4
751   4
752   4
753   4
754   6
755   4
756   4
757   4
758   4
759   4
760   4
761   4
762   6
763   4
764   4
765   4
766   4
767   6
768   4
769   4
770   4
771   4
772   6
773   0
774   4
775   7
776   4
777   4
778   4
779   4
780   4
781   4
782   4
783   4
784   3
785   4
786   4
787   4
788   4
789   4
790   4
791   4
792   4
793   4
794   4
795   4
796   7
797   4
798   7
799   4
800   4
801   4
802   4
803   6
804   4
805   4
806   4
807   4
808   4
809   4
810   4
811   4
812   4
813   4
814   7
815   6
816   4
817   4
818   4
819   4
820   7
821   7
822   4
823   4
824   0
825   4
826   1
827   4
828   7
829   7
830   4
831   4
832   4
833   7
834   6
835   7
836   4
837   4
838   4
839   4
840   4
841   7
842   4
843   4
844   0
845   0
846   0
847   3
848   4
849   0
850   4
851   4
852   0
853   7
854   4
855   7
856   4
857   6
858   4
859   6
860   4
861   4
862   4
863   4
864   4
865   4
866   0
867   4
868   4
869   7
870   7
871   4
872   4
873   4
874   4
875   4
876   4
877   5
878   4
879   7
880   5
881   7
882   4
883   4
884   4
885   4
886   4
887   7
888   4
889   4
890   4
891   4
892   7
893   1
894   4
895   4
896   4
897   4
898   4
899   4
900   4
901   4
902   4
903   4
904   7
905   1
906   7
907   4
908   4
909   4
910   4
911   6
912   4
913   4
914   4
915   4
916   7
917   4
918   4
919   4
920   4
921   4
922   4
923   4
924   4
925   4
926   7
927   4
928   4
929   4
930   7
931   4
932   3
933   7
934   7
935   2
936   4
937   7
938   4
939   4
940   4
941   4
942   4
943   4
944   5
945   2
946   5
947   4
948   7
949   5
950   0
951   6
952   0
953   4
954   4
955   4
956   7
957   2
958   4
959   3
960   7
961   7
962   4
963   4
964   0
965   0
966   1
967   3
968   7
969   4
970   7
971   7
972   4
973   4
974   0
975   4
976   4
977   4
978   4
979   7
980   0
981   4
982   4
983   4
984   0
985   0
986   6
987   7
988   4
989   4
990   4
991   4
992   4
993   0
994   4
995   4
996   4
997   7
998   7
999   7
1000   4
1001   3
1002   7
1003   4
1004   0
1005   4
1006   4
1007   4
1008   6
1009   2
1010   0
1011   7
1012   7
1013   7
1014   4
1015   4
1016   4
1017   4
1018   4
1019   7
1020   4
1021   4
1022   7
1023   7
1024   4
1025   4
1026   4
1027   4
1028   4
1029   4
1030   4
1031   4
1032   4
1033   4
1034   4
1035   4
1036   0
1037   0
1038   0
1039   1
1040   1
1041   7
1042   7
1043   7
1044   7
1045   4
1046   4
1047   6
1048   0
1049   6
1050   0
1051   4
1052   4
1053   4
1054   4
1055   6
1056   4
1057   4
1058   4
1059   4
1060   6
1061   7
1062   7
1063   4
1064   7
1065   2
1066   7
1067   7
1068   7
1069   4
1070   2
1071   6
1072   7
1073   6
1074   7
1075   1
1076   4
1077   1
1078   5
1079   4
1080   5
1081   4
1082   4
1083   7
1084   0
1085   1
1086   7
1087   7
1088   1
1089   7
1090   0
1091   0
1092   4
1093   4
1094   7
1095   4
1096   7
1097   7
1098   7
1099   6
1100   7
1101   6
1102   7
1103   7
1104   7
1105   7
1106   0
1107   6
1108   0
1109   0
1110   4
1111   0
1112   4
1113   4
1114   4
1115   4
1116   1
1117   7
1118   4
1119   4
1120   7
1121   7
1122   7
1123   6
1124   7
1125   0
1126   7
1127   6
1128   0
1129   0
1130   4
1131   4
1132   0
1133   0
1134   4
1135   0
1136   4
1137   2
1138   6
1139   4
1140   7
1141   6
1142   0
1143   1
1144   4
1145   4
1146   7
1147   4
1148   7
1149   0
1150   6
1151   7
1152   4
1153   4
1154   4
1155   0
1156   7
1157   7
1158   5
1159   4
1160   0
1161   7
1162   7
1163   4
1164   7
1165   6
1166   4
1167   4
1168   7
1169   7
1170   7
1171   7
1172   6
1173   7
1174   4
1175   7
1176   4
1177   6
1178   4
1179   4
1180   0
1181   2
1182   4
1183   4
1184   6
1185   4
1186   0
1187   4
1188   0
1189   0
1190   7
1191   6
1192   4
1193   4
1194   7
1195   7
1196   7
1197   4
1198   7
1199   5
1200   7
1201   4
1202   4
1203   0
1204   0
1205   0
1206   7
1207   4
1208   4
1209   4
1210   7
1211   2
1212   7
1213   4
1214   7
1215   7
1216   4
1217   7
1218   4
1219   4
1220   7
1221   4
1222   5
1223   4
1224   4
1225   4
1226   4
1227   7
1228   4
1229   7
1230   4
1231   4
1232   4
1233   4
1234   4
1235   4
1236   4
1237   7
1238   4
1239   4
1240   4
1241   4
1242   7
1243   0
1244   4
1245   4
1246   6
1247   4
1248   4
1249   4
1250   4
1251   4
1252   0
1253   4
1254   4
1255   4
1256   4
1257   4
1258   4
1259   4
1260   4
1261   4
1262   4
1263   6
1264   4
1265   7
1266   4
1267   4
1268   6
1269   4
1270   4
1271   7
1272   0
1273   0
1274   7
1275   0
1276   2
1277   4
1278   6
1279   0
1280   4
1281   1
1282   1
1283   0
1284   6
1285   1
1286   4
1287   0
1288   2
1289   0
1290   6
1291   0
1292   2
1293   0
1294   0
1295   0
1296   4
1297   1
1298   4
1299   0
1300   4
1301   2
1302   4
1303   2
1304   4
1305   7
1306   0
1307   0
1308   0
1309   0
1310   0
1311   0
1312   7
1313   0
1314   7
1315   0
1316   0
1317   0
1318   4
1319   0
1320   7
1321   4
1322   4
1323   4
1324   0
1325   0
1326   0
1327   4
1328   4
1329   0
1330   4
1331   0
1332   4
1333   4
1334   6
1335   7
1336   0
1337   4
1338   4
1339   4
1340   7
1341   4
1342   7
1343   7
1344   4
1345   4
1346   4
1347   4
1348   4
1349   4
1350   7
1351   4
1352   4
1353   4
1354   4
1355   4
1356   4
1357   4
1358   0
1359   3
1360   4
1361   4
1362   4
1363   4
1364   4
1365   4
1366   4
1367   4
1368   7
1369   4
1370   4
1371   6
1372   4
1373   4
1374   4
1375   4
1376   4
1377   4
1378   4
1379   4
1380   4
1381   4
1382   4
1383   4
1384   4
1385   4
1386   4
1387   4
1388   7
1389   4
1390   6
1391   4
1392   4
1393   4
1394   4
1395   4
1396   4
1397   4
1398   4
1399   4
1400   4
1401   7
1402   4
1403   0
1404   0
1405   4
1406   4
1407   7
1408   4
1409   4
1410   4
1411   4
1412   4
1413   6
1414   7
1415   7
1416   4
1417   4
1418   4
1419   4
1420   4
1421   4
1422   4
1423   4
1424   0
1425   4
1426   0
1427   7
1428   4
1429   4
1430   4
1431   4
1432   4
1433   4
1434   7
1435   7
1436   4
1437   4
1438   4
1439   4
1440   4
1441   4
1442   4
1443   4
1444   4
1445   4
1446   4
1447   4
1448   4
1449   4
1450   7
1451   4
1452   4
1453   4
1454   7
1455   4
1456   4
1457   4
1458   4
1459   4
1460   4
1461   4
1462   4
1463   4
1464   4
1465   4
1466   4
1467   4
1468   4
1469   4
1470   7
1471   4
1472   4
1473   4
1474   7
1475   4
1476   4
1477   4
1478   4
1479   4
1480   4
1481   4
1482   4
1483   0
1484   4
1485   4
1486   4
1487   4
1488   4
1489   4
1490   4
1491   4
1492   4
1493   4
1494   4
1495   4
1496   4
1497   4
1498   4
1499   4
1500   0
1501   0
1502   4
1503   4
1504   4
1505   4
1506   4
1507   4
1508   4
1509   4
1510   4
1511   4
1512   4
1513   6
1514   4
1515   4
1516   4
1517   4
1518   0
1519   4
1520   7
1521   0
1522   4
1523   0
1524   7
1525   4
1526   4
1527   4
1528   7
1529   4
1530   4
1531   4
1532   7
1533   0
1534   4
1535   4
1536   4
1537   4
1538   4
1539   7
1540   0
1541   4
1542   4
1543   4
1544   4
1545   4
1546   4
1547   4
1548   4
1549   4
1550   7
1551   4
1552   4
1553   4
1554   4
1555   4
1556   4
1557   4
1558   4
1559   4
1560   4
1561   4
1562   4
1563   7
1564   4
1565   4
1566   4
1567   4
1568   4
1569   4
1570   4
1571   4
1572   4
1573   4
1574   4
1575   0
1576   4
1577   4
1578   4
1579   4
1580   4
1581   4
1582   6
1583   4
1584   4
1585   4
1586   4
1587   4
1588   4
1589   4
1590   4
1591   6
1592   4
1593   4
1594   4
1595   4
1596   4
1597   7
1598   4
1599   4
1600   4
1601   4
1602   4
1603   4
1604   4
1605   4
1606   4
1607   4
1608   4
1609   4
1610   4
1611   4
1612   4
1613   4
1614   4
1615   4
1616   4
1617   4
1618   4
1619   4
1620   7
1621   4
1622   4
1623   6
1624   6
1625   7
1626   6
1627   7
1628   2
1629   4
1630   5
1631   0
1632   4
1633   4
1634   4
1635   4
1636   0
1637   0
1638   0
1639   4
1640   4
1641   4
1642   4
1643   4
1644   0
1645   0
1646   0
1647   4
1648   0
1649   4
1650   7
1651   7
1652   0
1653   0
1654   0
1655   1
1656   4
1657   4
1658   4
1659   4
1660   4
1661   4
1662   4
1663   4
1664   7
1665   7
1666   7
1667   5
1668   7
1669   0
1670   4
1671   0
1672   2
1673   4
1674   0
1675   4
1676   4
1677   4
1678   4
1679   4
1680   4
1681   4
1682   4
1683   7
1684   4
1685   4
1686   4
1687   4
1688   4
1689   4
1690   4
1691   4
1692   4
1693   4
1694   0
1695   4
1696   0
1697   4
1698   4
1699   4
1700   7
1701   6
1702   4
1703   4
1704   4
1705   4
1706   4
1707   4
1708   6
1709   4
1710   7
1711   0
1712   4
1713   4
1714   4
1715   7
1716   7
1717   7
1718   0
1719   7
1720   0
1721   4
1722   0
1723   4
1724   7
1725   4
1726   4
1727   0
1728   4
1729   7
1730   7
1731   4
1732   4
1733   7
1734   4
1735   4
1736   4
1737   4
1738   0
1739   0
1740   0
1741   7
1742   4
1743   3
1744   4
1745   0
1746   4
1747   0
1748   5
1749   0
1750   4
1751   4
1752   4
1753   4
1754   4
1755   0
1756   4
1757   4
1758   7
1759   7
1760   4
1761   4
1762   4
1763   4
1764   7
1765   6
1766   4
1767   4
1768   6
1769   4
1770   4
1771   4
1772   4
1773   0
1774   4
1775   4
1776   7
1777   0
1778   5
1779   7
1780   4
1781   4
1782   0
1783   4
1784   5
1785   0
1786   7
1787   6
1788   7
1789   4
1790   3
1791   0
1792   0
1793   0
1794   2
1795   4
1796   4
1797   4
1798   4
1799   4
1800   7
1801   4
1802   7
1803   6
1804   1
1805   0
1806   4
1807   4
1808   4
1809   4
1810   7
1811   7
1812   4
1813   4
1814   4
1815   7
1816   4
1817   4
1818   4
1819   4
1820   0
1821   4
1822   4
1823   4
1824   7
1825   3
1826   6
1827   7
1828   4
1829   4
1830   7
1831   4
1832   0
1833   4
1834   4
1835   4
1836   3
1837   7
1838   4
1839   7
1840   4
1841   4
1842   4
1843   4
1844   6
1845   6
1846   7
1847   4
1848   4
1849   4
1850   4
1851   4
1852   4
1853   4
1854   6
1855   6
1856   4
1857   4
1858   4
1859   4
1860   4
1861   4
1862   4
1863   4
1864   7
1865   4
1866   7
1867   4
1868   6
1869   7
1870   4
1871   4
1872   0
1873   0
1874   4
1875   4
1876   4
1877   7
1878   7
1879   7
1880   4
1881   4
1882   4
1883   4
1884   4
1885   4
1886   4
1887   4
1888   4
1889   4
1890   4
1891   4
1892   0
1893   4
1894   4
1895   4
1896   4
1897   4
1898   4
1899   4
1900   4
1901   4
1902   4
1903   4
1904   0
1905   4
1906   4
1907   4
1908   4
1909   0
1910   0
1911   7
1912   6
1913   7
1914   7
1915   4
1916   4
1917   7
1918   0
1919   0
1920   4
1921   4
1922   7
1923   4
1924   4
1925   4
1926   4
1927   4
1928   0
1929   4
1930   4
1931   6
1932   7
1933   4
1934   7
1935   4
1936   7
1937   7
1938   6
1939   4
1940   4
1941   4
1942   4
1943   4
1944   7
1945   6
1946   5
1947   7
1948   6
1949   4
1950   4
1951   4
1952   4
1953   4
1954   4
1955   4
1956   4
1957   4
1958   4
1959   4
1960   4
1961   4
1962   4
1963   4
1964   4
1965   4
1966   4
1967   0
1968   4
1969   7
1970   4
1971   4
1972   0
1973   4
1974   4
1975   4
1976   4
1977   4
1978   4
1979   4
1980   4
1981   0
1982   7
1983   4
1984   4
1985   4
1986   4
1987   4
1988   4
1989   4
1990   4
1991   4
1992   4
1993   3
1994   4
1995   7
1996   5
1997   5
1998   4
1999   4
2000   4
2001   4
2002   4
2003   4
2004   4
2005   4
2006   4
2007   4
2008   4
2009   5
2010   7
2011   4
2012   4
2013   4
2014   6
2015   4
2016   4
2017   4
2018   4
2019   4
2020   0
2021   0
2022   4
2023   4
2024   4
2025   4
2026   4
2027   4
2028   4
2029   7
2030   7
2031   4
2032   4
2033   4
2034   4
2035   4
2036   4
2037   4
2038   4
2039   4
2040   0
2041   4
2042   4
2043   4
2044   4
2045   4
2046   7
2047   6
2048   4
2049   4
2050   4
2051   4
2052   4
2053   4
2054   7
2055   4
2056   4
2057   7
2058   4
2059   4
2060   4
2061   4
2062   4
2063   4
2064   6
2065   4
2066   4
2067   6
2068   4
2069   2
2070   6
2071   4
2072   4
2073   7
2074   4
2075   4
2076   7
2077   4
2078   4
2079   0
2080   4
2081   4
2082   4
2083   4
2084   1
2085   4
2086   0
2087   4
2088   4
2089   4
2090   4
2091   4
2092   4
2093   0
2094   0
2095   4
2096   4
2097   2
2098   7
2099   7
2100   2
2101   0
2102   7
2103   6
2104   4
2105   4
2106   6
2107   3
2108   4
2109   4
2110   2
2111   0
2112   0
2113   4
2114   7
2115   7
2116   4
2117   3
2118   4
2119   4
2120   7
2121   4
2122   6
2123   1
2124   4
2125   4
2126   4
2127   4
2128   4
2129   4
2130   4
2131   4
2132   4
2133   4
2134   2
2135   6
2136   6
2137   4
2138   4
2139   4
2140   7
2141   4
2142   4
2143   4
2144   4
2145   4
2146   4
2147   4
2148   4
2149   4
2150   4
2151   0
2152   4
2153   0
2154   4
2155   4
2156   4
2157   7
2158   4
2159   0
2160   4
2161   5
2162   6
2163   4
2164   4
2165   4
2166   4
2167   4
2168   4
2169   4
2170   4
2171   5
2172   4
2173   1
2174   4
2175   7
2176   7
2177   7
2178   4
2179   4
2180   1
2181   4
2182   7
2183   5
2184   1
2185   1
2186   4
2187   7
2188   4
2189   7
2190   4
2191   4
2192   4
2193   1
2194   4
2195   4
2196   4
2197   7
2198   4
2199   4
2200   4
2201   2
2202   4
2203   4
2204   4
2205   7
2206   4
2207   4
2208   2
2209   4
2210   0
2211   4
2212   6
2213   7
2214   4
2215   4
2216   4
2217   3
2218   4
2219   2
2220   4
2221   4
2222   4
2223   4
2224   4
2225   4
2226   7
2227   7
2228   4
2229   4
2230   4
2231   1
2232   4
2233   7
2234   4
2235   7
2236   1
2237   7
2238   4
2239   4
2240   0
2241   4
2242   1
2243   4
2244   4
2245   4
2246   7
2247   7
2248   7
2249   6
2250   4
2251   7
2252   4
2253   7
2254   4
2255   6
2256   4
2257   4
2258   4
2259   4
2260   0
2261   0
2262   0
2263   0
2264   4
2265   7
2266   7
2267   7
2268   4
2269   4
2270   7
2271   6
2272   7
2273   4
2274   4
2275   4
2276   2
2277   4
2278   3
2279   3
2280   4
2281   4
2282   4
2283   4
2284   4
2285   4
2286   4
2287   4
2288   4
2289   7
2290   1
2291   4
2292   4
2293   4
2294   6
2295   1
2296   0
2297   4
2298   7
2299   4
2300   1
2301   4
2302   3
2303   4
2304   7
2305   7
2306   6
2307   7
2308   6
2309   7
2310   7
2311   7
2312   0
2313   0
2314   4
2315   0
2316   2
2317   0
2318   6
2319   4
2320   4
2321   4
2322   4
2323   7
2324   3
2325   0
2326   4
2327   4
2328   0
2329   7
2330   7
2331   7
2332   4
2333   4
2334   4
2335   7
2336   7
2337   1
2338   6
2339   3
2340   4
2341   4
2342   4
2343   4
2344   2
2345   4
2346   7
2347   1
2348   7
2349   4
2350   4
2351   4
2352   4
2353   4
2354   4
2355   4
2356   7
2357   7
2358   7
2359   6
2360   7
2361   7
2362   7
2363   4
2364   4
2365   0
2366   1
2367   4
2368   4
2369   7
2370   7
2371   0
2372   4
2373   6
2374   3
2375   0
2376   4
2377   0
2378   4
2379   7
2380   7
2381   0
2382   0
2383   2
2384   7
2385   7
2386   4
2387   4
2388   6
2389   4
2390   7
2391   6
2392   4
2393   1
2394   4
2395   4
2396   1
2397   4
2398   6
2399   0
2400   2
2401   5
2402   6
2403   0
2404   4
2405   4
2406   6
2407   4
2408   4
2409   4
2410   6
2411   2
2412   1
2413   0
2414   4
2415   1
2416   4
2417   7
2418   4
2419   4
2420   7
2421   4
2422   7
2423   0
2424   2
2425   0
2426   7
2427   7
2428   4
2429   6
2430   4
2431   4
2432   4
2433   4
2434   7
2435   4
2436   4
2437   4
2438   4
2439   4
2440   7
2441   7
2442   6
2443   4
2444   4
2445   4
2446   6
2447   7
2448   4
2449   6
2450   4
2451   4
2452   4
2453   4
2454   4
2455   4
2456   2
2457   3
2458   0
2459   4
2460   6
2461   4
2462   4
2463   4
2464   4
2465   4
2466   4
2467   4
2468   4
2469   4
2470   0
2471   2
2472   1
2473   4
2474   7
2475   4
2476   4
2477   7
2478   4
2479   4
2480   4
2481   4
2482   4
2483   4
2484   4
2485   4
2486   4
2487   7
2488   4
2489   4
2490   1
2491   4
2492   4
2493   4
2494   4
2495   4
2496   7
2497   6
2498   4
2499   6
2500   4
2501   4
2502   4
2503   4
2504   4
2505   4
2506   6
2507   4
2508   4
2509   4
2510   4
2511   4
2512   5
2513   6
2514   6
2515   4
2516   4
2517   1
2518   7
2519   4
2520   4
2521   4
2522   4
2523   4
2524   4
2525   0
2526   0
2527   4
2528   0
2529   1
2530   4
2531   4
2532   6
2533   7
2534   7
2535   4
2536   4
2537   4
2538   4
2539   4
2540   4
2541   4
2542   4
2543   4
2544   7
2545   4
2546   4
2547   4
2548   4
2549   0
2550   4
2551   4
2552   0
2553   4
2554   0
2555   4
2556   4
2557   4
2558   4
2559   7
2560   4
2561   4
2562   4
2563   4
2564   4
2565   7
2566   7
2567   7
2568   6
2569   5
2570   4
2571   4
2572   0
2573   4
2574   4
2575   4
2576   4
2577   4
2578   4
2579   4
2580   4
2581   4
2582   4
2583   4
2584   4
2585   4
2586   4
2587   4
2588   4
2589   4
2590   4
2591   4
2592   4
2593   4
2594   4
2595   4
2596   7
2597   4
2598   7
2599   4
2600   4
2601   4
2602   4
2603   4
2604   4
2605   4
2606   4
2607   4
2608   4
2609   7
2610   7
2611   4
2612   4
2613   4
2614   4
2615   4
2616   4
2617   4
2618   4
2619   4
2620   4
2621   4
2622   4
2623   4
2624   6
2625   7
2626   4
2627   4
2628   4
2629   4
2630   4
2631   4
2632   4
2633   6
2634   4
2635   7
2636   0
2637   6
2638   4
2639   4
2640   4
2641   4
2642   4
2643   4
2644   4
2645   4
2646   0
2647   4
2648   7
2649   4
2650   7
2651   4
2652   0
2653   7
2654   0
2655   4
2656   0
2657   4
2658   4
2659   4
2660   4
2661   1
2662   1
2663   7
2664   4
2665   4
2666   4
2667   4
2668   4
2669   4
2670   4
2671   4
2672   4
2673   7
2674   4
2675   7
2676   4
2677   4
2678   7
2679   0
2680   7
2681   7
2682   4
2683   4
2684   0
2685   4
2686   7
2687   4
2688   0
2689   4
2690   4
2691   7
2692   7
2693   7
2694   4
2695   4
2696   7
2697   1
2698   6
2699   0
2700   7
2701   7
2702   4
2703   4
2704   6
2705   7
2706   4
2707   4
2708   4
2709   4
2710   4
2711   6
2712   4
2713   4
2714   4
2715   0
2716   4
2717   4
2718   7
2719   4
2720   4
2721   6
2722   6
2723   6
2724   6
2725   4
2726   2
2727   4
2728   4
2729   3
2730   4
2731   3
2732   0
2733   1
2734   4
2735   4
2736   7
2737   0
2738   0
2739   0
2740   0
2741   4
2742   7
2743   7
2744   1
2745   0
2746   4
2747   4
2748   0
2749   0
2750   4
2751   4
2752   7
2753   4
2754   6
2755   7
2756   2
2757   0
2758   4
2759   6
2760   7
2761   7
2762   7
2763   4
2764   4
2765   0
2766   7
2767   6
2768   4
2769   4
2770   4
2771   4
2772   4
2773   5
2774   7
2775   7
2776   4
2777   4
2778   7
2779   7
2780   4
2781   0
2782   4
2783   4
2784   0
2785   7
2786   6
2787   4
2788   0
2789   7
2790   4
2791   7
2792   4
2793   0
2794   0
2795   0
2796   5
2797   4
2798   7
2799   1
2800   7
2801   0
2802   3
2803   4
2804   0
2805   7
2806   4
2807   4
2808   1
2809   0
2810   3
2811   4
2812   4
2813   7
2814   4
2815   4
2816   1
2817   4
2818   0
2819   4
2820   4
2821   4
2822   1
2823   4
2824   4
2825   7
2826   4
2827   0
2828   7
2829   7
2830   7
2831   7
2832   6
2833   4
2834   4
2835   4
2836   4
2837   1
2838   0
2839   1
2840   4
2841   4
2842   4
2843   4
2844   4
2845   4
2846   4
2847   4
2848   4
2849   4
2850   4
2851   4
2852   4
2853   4
2854   1
2855   4
2856   4
2857   4
2858   7
2859   4
2860   4
2861   4
2862   4
2863   7
2864   4
2865   4
2866   4
2867   4
2868   7
2869   7
2870   4
2871   6
2872   7
2873   4
2874   6
2875   4
2876   4
2877   4
2878   4
2879   1
2880   4
2881   4
2882   4
2883   4
2884   4
2885   4
2886   4
2887   4
2888   4
2889   4
2890   1
2891   4
2892   4
2893   0
2894   4
2895   5
2896   4
2897   4
2898   4
2899   4
2900   4
2901   4
2902   4
2903   4
2904   4
2905   4
2906   4
2907   6
2908   4
2909   4
2910   4
2911   4
2912   6
2913   5
2914   4
2915   4
2916   4
2917   4
2918   4
2919   5
2920   4
2921   1
2922   7
2923   7
2924   4
2925   4
2926   4
2927   4
2928   4
2929   4
2930   4
2931   4
2932   4
2933   4
2934   4
2935   5
2936   4
2937   4
2938   4
2939   4
2940   7
2941   6
2942   4
2943   7
2944   4
2945   4
2946   4
2947   4
2948   4
2949   4
2950   4
2951   4
2952   4
2953   4
2954   4
2955   6
2956   4
2957   4
2958   4
2959   4
2960   7
2961   0
2962   7
2963   7
2964   4
2965   4
2966   4
2967   4
2968   4
2969   4
2970   4
2971   4
2972   7
2973   7
2974   6
2975   4
2976   3
2977   7
2978   3
2979   4
2980   7
2981   7
2982   4
2983   4
2984   4
2985   4
2986   4
2987   4
2988   2
2989   5
2990   5
2991   4
2992   4
2993   4
2994   4
2995   4
2996   4
2997   4
2998   4
2999   4
3000   4
3001   4
3002   0
3003   3
3004   7
3005   7
3006   7
3007   7
3008   6
3009   7
3010   7
3011   4
3012   4
3013   4
3014   4
3015   4
3016   0
3017   4
3018   7
3019   7
3020   7
3021   7
3022   7
3023   4
3024   4
3025   4
3026   1
3027   4
3028   0
3029   6
3030   1
3031   4
3032   0
3033   0
3034   4
3035   1
3036   6
3037   4
3038   1
3039   7
3040   7
3041   7
3042   0
3043   4
3044   7
3045   7
3046   4
3047   0
3048   4
3049   4
3050   7
3051   4
3052   4
3053   4
3054   4
3055   4
3056   7
3057   6
3058   5
3059   7
3060   4
3061   4
3062   4
3063   1
3064   4
3065   6
3066   7
3067   6
3068   7
3069   4
3070   4
3071   1
3072   4
3073   4
3074   4
3075   4
3076   4
3077   4
3078   7
3079   4
3080   7
3081   7
3082   7
3083   6
3084   4
3085   4
3086   4
3087   2
3088   0
3089   7
3090   4
3091   4
3092   4
3093   4
3094   4
3095   4
3096   4
3097   4
3098   6
3099   4
3100   4
3101   4
3102   7
3103   4
3104   7
3105   4
3106   7
3107   4
3108   4
3109   5
3110   2
3111   7
3112   4
3113   4
3114   4
3115   4
3116   7
3117   7
3118   4
3119   7
3120   4
3121   4
3122   4
3123   4
3124   7
3125   4
3126   5
3127   3
3128   4
3129   4
3130   4
3131   4
3132   3
3133   4
3134   7
3135   4
3136   1
3137   4
3138   1
3139   4
3140   6
3141   7
3142   7
3143   4
3144   1
3145   1
3146   4
3147   1
3148   0
3149   7
3150   7
3151   4
3152   4
3153   4
3154   4
3155   7
3156   4
3157   4
3158   4
3159   4
3160   7
3161   4
3162   4
3163   4
3164   4
3165   4
3166   4
3167   0
3168   4
3169   0
3170   4
3171   0
3172   4
3173   7
3174   1
3175   4
3176   4
3177   0
3178   0
3179   0
3180   4
3181   4
3182   4
3183   4
3184   7
3185   4
3186   4
3187   4
3188   0
3189   0
3190   0
3191   0
3192   4
3193   7
3194   7
3195   7
3196   0
3197   7
3198   7
3199   0
3200   4
3201   3
3202   4
3203   4
3204   4
3205   4
3206   4
3207   4
3208   4
3209   4
3210   4
3211   7
3212   7
3213   4
3214   6
3215   7
3216   4
3217   7
3218   7
3219   6
3220   4
3221   4
3222   4
3223   4
3224   7
3225   5
3226   5
3227   7
3228   0
3229   4
3230   4
3231   4
3232   4
3233   4
3234   2
3235   5
3236   3
3237   4
3238   3
3239   3
3240   6
3241   6
3242   4
3243   0
3244   4
3245   4
3246   4
3247   4
3248   6
3249   6
3250   6
3251   4
3252   4
3253   0
3254   4
3255   4
3256   4
3257   4
3258   4
3259   4
3260   4
3261   4
3262   4
3263   4
3264   0
3265   4
3266   7
3267   7
3268   4
3269   4
3270   4
3271   4
3272   0
3273   5
3274   7
3275   0
3276   4
3277   4
3278   4
3279   4
3280   4
3281   1
3282   6
3283   7
3284   4
3285   4
3286   4
3287   7
3288   4
3289   4
3290   4
3291   0
3292   7
3293   4
3294   4
3295   4
3296   0
3297   4
3298   7
3299   4
3300   4
3301   6
3302   2
3303   4
3304   4
3305   2
3306   4
3307   4
3308   2
3309   7
3310   2
3311   7
3312   6
3313   2
3314   4
3315   7
3316   4
3317   6
3318   4
3319   4
3320   4
3321   4
3322   4
3323   4
3324   7
3325   4
3326   4
3327   4
3328   4
3329   4
3330   4
3331   4
3332   4
3333   4
3334   4
3335   4
3336   6
3337   0
3338   4
3339   4
3340   4
3341   4
3342   4
3343   4
3344   4
3345   4
3346   4
3347   6
3348   4
3349   1
3350   6
3351   2
3352   4
3353   2
3354   4
3355   0
3356   0
3357   5
3358   7
3359   0
3360   1
3361   4
3362   3
3363   4
3364   4
3365   4
3366   4
3367   4
3368   4
3369   4
3370   4
3371   5
3372   7
3373   7
3374   7
3375   3
3376   7
3377   7
3378   5
3379   7
3380   0
3381   4
3382   7
3383   7
3384   7
3385   4
3386   4
3387   6
3388   4
3389   7
3390   4
3391   4
3392   4
3393   4
3394   0
3395   7
3396   4
3397   4
3398   4
3399   4
3400   6
3401   7
3402   4
3403   5
3404   3
3405   7
3406   0
3407   4
3408   5
3409   7
3410   4
3411   4
3412   4
3413   4
3414   4
3415   0
3416   4
3417   7
3418   1
3419   1
3420   0
3421   2
3422   3
3423   4
3424   4
3425   4
3426   6
3427   5
3428   4
3429   0
3430   4
3431   4
3432   7
3433   5
3434   7
3435   4
3436   7
3437   7
3438   4
3439   4
3440   4
3441   0
3442   5
3443   4
3444   4
3445   4
3446   4
3447   4
3448   4
3449   7
3450   4
3451   3
3452   4
3453   0
3454   0
3455   6
3456   6
3457   4
3458   5
3459   6
3460   2
3461   6
3462   6
3463   5
3464   4
3465   4
3466   4
3467   7
3468   3
3469   4
3470   4
3471   2
3472   4
3473   6
3474   7
3475   4
3476   4
3477   4
3478   4
3479   4
3480   3
3481   4
3482   4
3483   4
3484   6
3485   0
3486   6
3487   6
3488   4
3489   4
3490   5
3491   6
3492   4
3493   1
3494   4
3495   4
3496   4
3497   7
3498   4
3499   4
3500   4
3501   0
3502   0
3503   6
3504   4
3505   4
3506   4
3507   4
3508   2
3509   7
3510   7
3511   4
3512   4
3513   2
3514   4
3515   0
3516   2
3517   0
3518   0
3519   1
3520   4
3521   5
3522   4
3523   4
3524   4
3525   4
3526   4
3527   4
3528   0
3529   7
3530   7
3531   7
3532   4
3533   0
3534   4
3535   6
3536   0
3537   6
3538   4
3539   0
3540   4
3541   5
3542   7
3543   6
3544   4
3545   3
3546   4
3547   4
3548   4
3549   4
3550   5
3551   4
3552   4
3553   4
3554   4
3555   1
3556   4
3557   3
3558   4
3559   0
3560   0
3561   7
3562   1
3563   5
3564   1
3565   0
3566   0
3567   1
3568   4
3569   7
3570   4
3571   4
3572   0
3573   4
3574   0
3575   0
3576   4
3577   4
3578   4
3579   4
3580   6
3581   7
3582   4
3583   4
3584   6
3585   0
3586   7
3587   7
3588   4
3589   4
3590   4
3591   4
3592   4
3593   1
3594   7
3595   0
3596   4
3597   7
3598   3
3599   0
3600   3
3601   4
3602   4
3603   5
3604   4
3605   6
3606   4
3607   4
3608   4
3609   7
3610   4
3611   7
3612   4
3613   4
3614   5
3615   4
3616   4
3617   4
3618   4
3619   4
3620   6
3621   6
3622   5
3623   4
3624   0
3625   4
3626   4
3627   4
3628   4
3629   4
3630   4
3631   0
3632   1
3633   1
3634   7
3635   1
3636   4
3637   4
3638   7
3639   7
3640   5
3641   4
3642   4
3643   4
3644   4
3645   4
3646   7
3647   4
3648   4
3649   4
3650   7
3651   4
3652   4
3653   7
3654   4
3655   5
3656   4
3657   4
3658   4
3659   4
3660   4
3661   7
3662   4
3663   5
3664   1
3665   3
3666   4
3667   4
3668   4
3669   4
3670   4
3671   4
3672   0
3673   4
3674   4
3675   5
3676   4
3677   5
3678   4
3679   4
3680   4
3681   7
3682   4
3683   4
3684   5
3685   5
3686   6
3687   5
3688   4
3689   4
3690   4
3691   4
3692   4
3693   0
3694   4
3695   4
3696   6
3697   4
3698   4
3699   3
3700   4
3701   7
3702   4
3703   4
3704   0
3705   0
3706   6
3707   5
3708   4
3709   4
3710   4
3711   4
3712   4
3713   4
3714   3
3715   3
3716   3
3717   6
3718   0
3719   4
3720   7
3721   6
3722   5
3723   7
3724   4
3725   0
3726   7
3727   4
3728   7
3729   4
3730   4
3731   4
3732   5
3733   4
3734   4
3735   4
3736   4
3737   4
3738   4
3739   7
3740   4
3741   4
3742   4
3743   7
3744   5
3745   7
3746   4
3747   4
3748   2
3749   4
3750   7
3751   4
3752   4
3753   7
3754   4
3755   4
3756   4
3757   6
3758   4
3759   6
3760   4
3761   4
3762   4
3763   4
3764   4
3765   4
3766   4
3767   4
3768   4
3769   4
3770   4
3771   2
3772   4
3773   0
3774   7
3775   4
3776   3
3777   7
3778   4
3779   5
3780   4
3781   4
3782   4
3783   4
3784   4
3785   7
3786   7
3787   3
3788   4
3789   4
3790   5
3791   4
3792   0
3793   7
3794   4
3795   4
3796   4
3797   4
3798   5
3799   4
3800   7
3801   4
3802   7
3803   4
3804   4
3805   4
3806   0
3807   7
3808   4
3809   4
3810   6
3811   4
3812   4
3813   4
3814   7
3815   0
3816   4
3817   4
3818   4
3819   4
3820   7
3821   4
3822   0
3823   0
3824   2
3825   0
3826   4
3827   1
3828   0
3829   4
3830   4
3831   7
3832   4
3833   4
3834   4
3835   7
3836   7
3837   4
3838   1
3839   0
3840   4
3841   4
3842   4
3843   4
3844   4
3845   4
3846   7
3847   4
3848   4
3849   4
3850   4
3851   4
3852   4
3853   4
3854   4
3855   4
3856   7
3857   4
3858   6
3859   6
3860   4
3861   7
3862   7
3863   4
3864   4
3865   4
3866   4
3867   4
3868   4
3869   4
3870   7
3871   0
3872   4
3873   4
3874   4
3875   4
3876   2
3877   3
3878   6
3879   0
3880   4
3881   7
3882   6
3883   7
3884   5
3885   5
3886   6
3887   4
3888   7
3889   0
3890   4
3891   7
3892   4
3893   4
3894   5
3895   4
3896   4
3897   7
3898   2
3899   3
3900   4
3901   4
3902   4
3903   4
3904   4
3905   4
3906   4
3907   4
3908   7
3909   6
3910   4
3911   7
3912   4
3913   7
3914   4
3915   7
3916   4
3917   0
3918   4
3919   4
3920   4
3921   4
3922   4
3923   4
3924   4
3925   4
3926   4
3927   4
3928   4
3929   4
3930   0
3931   3
3932   0
3933   4
3934   0
3935   4
3936   4
3937   2
3938   4
3939   3
3940   4
3941   4
3942   0
3943   7
3944   6
3945   4
3946   4
3947   4
3948   2
3949   4
3950   4
3951   7
3952   4
3953   4
3954   4
3955   4
3956   4
3957   4
3958   7
3959   7
3960   4
3961   4
3962   4
3963   0
3964   4
3965   2
3966   6
3967   4
3968   4
3969   4
3970   4
3971   4
3972   5
3973   4
3974   6
3975   4
3976   4
3977   3
3978   4
3979   4
3980   4
3981   4
3982   3
3983   4
3984   2
3985   2
3986   2
3987   5
3988   4
3989   7
3990   7
3991   7
3992   1
3993   4
3994   4
3995   5
3996   4
3997   4
3998   4
3999   3
4000   0
4001   7
4002   4
4003   6
4004   7
4005   4
4006   5
4007   4
4008   4
4009   4
4010   4
4011   4
4012   4
4013   7
4014   6
4015   4
4016   4
4017   4
4018   6
4019   4
4020   4
4021   7
4022   4
4023   4
4024   4
4025   4
4026   4
4027   1
4028   4
4029   4
4030   1
4031   4
4032   4
4033   4
4034   4
4035   6
4036   4
4037   4
4038   4
4039   4
4040   4
4041   7
4042   4
4043   4
4044   6
4045   4
4046   4
4047   4
4048   4
4049   4
4050   4
4051   4
4052   4
4053   4
4054   4
4055   4
4056   4
4057   7
4058   4
4059   6
4060   4
4061   4
4062   4
4063   4
4064   4
4065   4
4066   4
4067   4
4068   4
4069   4
4070   7
4071   0
4072   7
4073   4
4074   7
4075   7
4076   4
4077   4
4078   4
4079   4
4080   4
4081   4
4082   4
4083   4
4084   7
4085   6
4086   1
4087   4
4088   4
4089   4
4090   4
4091   4
4092   4
4093   7
4094   3
4095   4
