COMMAND
./sim gshare 12 4 jpeg_trace.txt
OUTPUT
number of predictions:		2000000
number of mispredictions:	151994
misprediction rate:		7.60%
FINAL GSHARE CONTENTS
0   4
1   3
2   6
3   2
4   7
5   4
6   4
7   6
8   4
9   5
10   4
11   4
12   6
13   4
14   7
15   4
16   7
17   4
18   7
19   7
20   6
21   4
22   6
23   2
24   3
25   0
26   4
27   3
28   4
29   4
30   4
31   4
32   3
33   3
34   7
35   1
36   4
37   2
38   0
39   4
40   4
41   2
42   6
43   2
44   7
45   6
46   4
47   5
48   2
49   4
50   4
51   2
52   4
53   4
54   2
55   4
56   4
57   4
58   4
59   2
60   7
61   2
62   4
63   2
64   4
65   4
66   0
67   4
68   2
69   4
70   6
71   4
72   4
73   4
74   7
75   4
76   4
77   4
78   4
79   7
80   4
81   4
82   4
83   4
84   4
85   7
86   2
87   4
88   4
89   6
90   5
91   4
92   7
93   4
94   7
95   4
96   7
97   7
98   4
99   4
100   6
101   4
102   4
103   4
104   4
105   5
106   4
107   4
108   4
109   4
110   7
111   4
112   4
113   7
114   7
115   6
116   4
117   4
118   4
119   7
120   4
121   4
122   7
123   4
124   4
125   1
126   4
127   4
128   4
129   4
130   4
131   4
132   4
133   0
134   4
135   4
136   4
137   4
138   7
139   4
140   4
141   7
142   4
143   6
144   4
145   4
146   4
147   4
148   4
149   4
150   4
151   4
152   4
153   4
154   4
155   7
156   6
157   4
158   4
159   4
160   7
161   4
162   4
163   4
164   6
165   4
166   6
167   4
168   4
169   4
170   4
171   6
172   4
173   0
174   4
175   3
176   4
177   4
178   7
179   3
180   4
181   4
182   4
183   4
184   4
185   4
186   4
187   4
188   7
189   3
190   4
191   4
192   4
193   4
194   4
195   4
196   4
197   4
198   4
199   4
200   4
201   4
202   4
203   2
204   4
205   4
206   6
207   6
208   0
209   4
210   6
211   4
212   4
213   4
214   6
215   3
216   3
217   4
218   4
219   4
220   7
221   4
222   6
223   4
224   7
225   4
226   0
227   7
228   6
229   4
230   2
231   7
232   7
233   4
234   7
235   4
236   6
237   7
238   7
239   0
240   7
241   7
242   7
243   2
244   6
245   4
246   6
247   4
248   0
249   6
250   6
251   2
252   4
253   0
254   0
255   7
256   7
257   7
258   0
259   4
260   4
261   6
262   4
263   4
264   4
265   4
266   2
267   0
268   4
269   7
270   4
271   4
272   7
273   4
274   6
275   0
276   4
277   4
278   4
279   4
280   0
281   4
282   0
283   0
284   4
285   0
286   0
287   0
288   0
289   6
290   6
291   7
292   6
293   4
294   4
295   7
296   7
297   6
298   7
299   7
300   7
301   6
302   7
303   4
304   0
305   0
306   4
307   4
308   4
309   5
310   4
311   0
312   6
313   4
314   7
315   4
316   4
317   4
318   4
319   4
320   4
321   4
322   4
323   4
324   5
325   3
326   4
327   3
328   4
329   4
330   4
331   3
332   5
333   7
334   4
335   4
336   4
337   4
338   4
339   4
340   7
341   4
342   4
343   4
344   6
345   6
346   4
347   1
348   7
349   7
350   4
351   4
352   4
353   4
354   5
355   4
356   4
357   2
358   7
359   0
360   4
361   2
362   4
363   2
364   4
365   2
366   4
367   4
368   0
369   4
370   2
371   4
372   4
373   2
374   4
375   4
376   7
377   4
378   6
379   4
380   4
381   2
382   4
383   2
384   7
385   2
386   4
387   4
388   2
389   7
390   4
391   4
392   6
393   7
394   4
395   7
396   7
397   4
398   4
399   7
400   7
401   1
402   7
403   6
404   7
405   5
406   4
407   4
408   4
409   7
410   4
411   4
412   7
413   4
414   7
415   6
416   2
417   4
418   1
419   7
420   4
421   2
422   6
423   4
424   4
425   4
426   4
427   4
428   4
429   4
430   4
431   6
432   4
433   4
434   4
435   4
436   2
437   4
438   4
439   4
440   4
441   4
442   4
443   4
444   2
445   4
446   4
447   4
448   4
449   4
450   0
451   4
452   4
453   6
454   4
455   4
456   4
457   4
458   4
459   4
460   4
461   4
462   4
463   4
464   4
465   6
466   4
467   4
468   4
469   4
470   4
471   4
472   0
473   1
474   4
475   1
476   0
477   1
478   4
479   4
480   4
481   6
482   7
483   0
484   4
485   4
486   4
487   7
488   0
489   7
490   7
491   7
492   6
493   7
494   4
495   7
496   0
497   4
498   2
499   7
500   7
501   7
502   7
503   7
504   6
505   6
506   4
507   7
508   4
509   5
510   2
511   3
512   7
513   6
514   7
515   4
516   4
517   4
518   4
519   7
520   1
521   7
522   7
523   7
524   0
525   7
526   5
527   7
528   0
529   4
530   4
531   4
532   0
533   4
534   4
535   7
536   7
537   4
538   1
539   7
540   4
541   4
542   4
543   7
544   4
545   7
546   7
547   4
548   7
549   7
550   6
551   7
552   7
553   4
554   4
555   4
556   4
557   4
558   4
559   4
560   4
561   4
562   4
563   7
564   4
565   4
566   4
567   4
568   4
569   4
570   4
571   7
572   4
573   4
574   4
575   4
576   4
577   0
578   7
579   0
580   4
581   2
582   2
583   7
584   4
585   4
586   0
587   4
588   4
589   4
590   0
591   4
592   5
593   2
594   4
595   4
596   2
597   4
598   7
599   7
600   7
601   0
602   4
603   4
604   0
605   4
606   4
607   5
608   4
609   0
610   4
611   4
612   7
613   7
614   4
615   0
616   1
617   4
618   4
619   1
620   1
621   4
622   4
623   7
624   0
625   4
626   4
627   4
628   4
629   7
630   4
631   4
632   4
633   7
634   4
635   4
636   4
637   7
638   4
639   4
640   4
641   4
642   4
643   4
644   4
645   4
646   3
647   4
648   4
649   4
650   1
651   7
652   0
653   0
654   4
655   7
656   1
657   4
658   4
659   4
660   7
661   3
662   3
663   4
664   4
665   4
666   4
667   4
668   4
669   5
670   4
671   4
672   4
673   4
674   4
675   6
676   4
677   4
678   6
679   4
680   2
681   4
682   4
683   4
684   4
685   4
686   4
687   4
688   4
689   7
690   4
691   4
692   4
693   4
694   4
695   4
696   4
697   4
698   4
699   7
700   1
701   4
702   7
703   4
704   4
705   4
706   4
707   4
708   4
709   4
710   4
711   4
712   4
713   4
714   4
715   7
716   4
717   4
718   4
719   4
720   4
721   4
722   4
723   6
724   7
725   4
726   4
727   4
728   4
729   4
730   4
731   5
732   4
733   4
734   4
735   4
736   7
737   4
738   1
739   4
740   4
741   0
742   1
743   4
744   4
745   4
746   4
747   4
748   4
749   4
750   4
751   6
752   4
753   4
754   6
755   4
756   4
757   4
758   4
759   4
760   4
761   6
762   4
763   4
764   4
765   6
766   4
767   4
768   0
769   0
770   4
771   4
772   4
773   4
774   4
775   4
776   6
777   4
778   4
779   7
780   4
781   4
782   4
783   4
784   7
785   4
786   4
787   4
788   4
789   4
790   4
791   4
792   7
793   4
794   4
795   4
796   3
797   4
798   4
799   4
800   7
801   7
802   4
803   6
804   4
805   4
806   4
807   4
808   4
809   4
810   4
811   4
812   4
813   4
814   4
815   6
816   4
817   4
818   4
819   4
820   4
821   4
822   1
823   4
824   4
825   7
826   7
827   4
828   4
829   5
830   7
831   0
832   0
833   4
834   7
835   7
836   0
837   2
838   4
839   5
840   7
841   0
842   0
843   4
844   0
845   7
846   6
847   0
848   4
849   4
850   4
851   0
852   7
853   0
854   4
855   7
856   4
857   4
858   4
859   4
860   7
861   4
862   4
863   4
864   4
865   4
866   4
867   7
868   2
869   4
870   6
871   7
872   5
873   4
874   4
875   7
876   4
877   4
878   2
879   4
880   4
881   4
882   0
883   0
884   4
885   6
886   4
887   7
888   5
889   2
890   4
891   4
892   4
893   7
894   7
895   4
896   4
897   6
898   4
899   1
900   7
901   7
902   4
903   4
904   4
905   4
906   4
907   4
908   4
909   5
910   4
911   4
912   4
913   4
914   7
915   7
916   4
917   4
918   4
919   4
920   7
921   4
922   5
923   4
924   4
925   4
926   4
927   4
928   4
929   4
930   2
931   4
932   4
933   4
934   4
935   4
936   4
937   6
938   7
939   7
940   3
941   3
942   5
943   7
944   0
945   3
946   1
947   5
948   6
949   4
950   2
951   4
952   7
953   7
954   0
955   0
956   4
957   7
958   3
959   4
960   4
961   0
962   4
963   2
964   7
965   4
966   4
967   3
968   5
969   6
970   7
971   5
972   0
973   7
974   7
975   4
976   2
977   4
978   4
979   1
980   4
981   4
982   1
983   4
984   7
985   0
986   6
987   7
988   0
989   0
990   2
991   7
992   4
993   7
994   4
995   4
996   4
997   4
998   7
999   4
1000   7
1001   7
1002   0
1003   0
1004   4
1005   3
1006   7
1007   4
1008   4
1009   4
1010   7
1011   4
1012   4
1013   7
1014   7
1015   4
1016   7
1017   4
1018   4
1019   4
1020   6
1021   0
1022   7
1023   3
1024   2
1025   1
1026   3
1027   4
1028   0
1029   3
1030   1
1031   0
1032   2
1033   4
1034   5
1035   0
1036   4
1037   0
1038   0
1039   0
1040   0
1041   0
1042   0
1043   7
1044   5
1045   7
1046   7
1047   7
1048   4
1049   4
1050   5
1051   7
1052   0
1053   4
1054   0
1055   6
1056   0
1057   7
1058   7
1059   7
1060   4
1061   6
1062   4
1063   7
1064   6
1065   7
1066   7
1067   4
1068   5
1069   7
1070   4
1071   3
1072   0
1073   4
1074   5
1075   1
1076   6
1077   1
1078   4
1079   7
1080   7
1081   6
1082   7
1083   7
1084   4
1085   7
1086   7
1087   5
1088   7
1089   0
1090   7
1091   2
1092   4
1093   7
1094   0
1095   3
1096   7
1097   7
1098   7
1099   1
1100   2
1101   7
1102   6
1103   7
1104   7
1105   7
1106   0
1107   0
1108   3
1109   1
1110   2
1111   3
1112   0
1113   0
1114   4
1115   0
1116   1
1117   0
1118   0
1119   1
1120   7
1121   5
1122   7
1123   7
1124   7
1125   7
1126   2
1127   7
1128   4
1129   7
1130   0
1131   7
1132   3
1133   7
1134   2
1135   7
1136   7
1137   0
1138   6
1139   7
1140   0
1141   0
1142   7
1143   1
1144   4
1145   7
1146   6
1147   7
1148   0
1149   5
1150   3
1151   4
1152   7
1153   4
1154   6
1155   4
1156   7
1157   0
1158   7
1159   4
1160   0
1161   7
1162   4
1163   7
1164   7
1165   0
1166   7
1167   7
1168   7
1169   7
1170   7
1171   7
1172   7
1173   7
1174   7
1175   7
1176   4
1177   7
1178   4
1179   7
1180   4
1181   7
1182   7
1183   7
1184   1
1185   0
1186   6
1187   0
1188   0
1189   0
1190   0
1191   2
1192   7
1193   7
1194   7
1195   6
1196   7
1197   7
1198   5
1199   7
1200   0
1201   0
1202   5
1203   6
1204   7
1205   4
1206   7
1207   7
1208   4
1209   0
1210   4
1211   1
1212   7
1213   2
1214   4
1215   4
1216   7
1217   4
1218   7
1219   4
1220   4
1221   4
1222   4
1223   7
1224   3
1225   4
1226   4
1227   7
1228   4
1229   4
1230   4
1231   4
1232   4
1233   7
1234   7
1235   7
1236   4
1237   0
1238   4
1239   1
1240   7
1241   4
1242   4
1243   4
1244   4
1245   4
1246   3
1247   4
1248   3
1249   6
1250   4
1251   4
1252   4
1253   4
1254   4
1255   4
1256   1
1257   4
1258   4
1259   4
1260   4
1261   4
1262   4
1263   3
1264   5
1265   4
1266   1
1267   0
1268   7
1269   2
1270   7
1271   4
1272   0
1273   7
1274   0
1275   0
1276   0
1277   7
1278   7
1279   7
1280   2
1281   0
1282   6
1283   0
1284   0
1285   0
1286   0
1287   1
1288   0
1289   0
1290   0
1291   0
1292   0
1293   4
1294   7
1295   0
1296   0
1297   0
1298   0
1299   6
1300   0
1301   0
1302   0
1303   2
1304   5
1305   3
1306   7
1307   0
1308   2
1309   0
1310   7
1311   4
1312   0
1313   0
1314   0
1315   4
1316   3
1317   0
1318   2
1319   4
1320   7
1321   0
1322   2
1323   0
1324   0
1325   0
1326   0
1327   0
1328   4
1329   7
1330   6
1331   7
1332   7
1333   4
1334   7
1335   4
1336   4
1337   0
1338   0
1339   7
1340   4
1341   4
1342   0
1343   0
1344   4
1345   4
1346   4
1347   0
1348   4
1349   4
1350   4
1351   3
1352   4
1353   4
1354   7
1355   4
1356   4
1357   4
1358   4
1359   4
1360   4
1361   4
1362   4
1363   4
1364   7
1365   4
1366   4
1367   6
1368   4
1369   4
1370   4
1371   4
1372   4
1373   4
1374   4
1375   4
1376   7
1377   4
1378   6
1379   4
1380   4
1381   4
1382   4
1383   4
1384   4
1385   4
1386   4
1387   4
1388   4
1389   4
1390   4
1391   4
1392   7
1393   7
1394   7
1395   4
1396   7
1397   7
1398   7
1399   4
1400   7
1401   4
1402   4
1403   4
1404   4
1405   7
1406   4
1407   7
1408   4
1409   4
1410   4
1411   4
1412   4
1413   4
1414   4
1415   4
1416   4
1417   6
1418   7
1419   4
1420   4
1421   7
1422   4
1423   4
1424   4
1425   4
1426   0
1427   4
1428   7
1429   4
1430   7
1431   4
1432   0
1433   4
1434   0
1435   4
1436   7
1437   4
1438   4
1439   7
1440   4
1441   4
1442   7
1443   4
1444   4
1445   4
1446   4
1447   7
1448   4
1449   4
1450   4
1451   4
1452   4
1453   4
1454   4
1455   4
1456   4
1457   4
1458   4
1459   4
1460   4
1461   4
1462   4
1463   4
1464   4
1465   4
1466   4
1467   4
1468   7
1469   4
1470   7
1471   4
1472   0
1473   0
1474   4
1475   4
1476   4
1477   4
1478   4
1479   4
1480   4
1481   4
1482   4
1483   4
1484   4
1485   4
1486   7
1487   4
1488   4
1489   0
1490   4
1491   4
1492   0
1493   4
1494   4
1495   4
1496   4
1497   4
1498   4
1499   4
1500   4
1501   4
1502   0
1503   4
1504   4
1505   4
1506   0
1507   4
1508   4
1509   4
1510   4
1511   4
1512   0
1513   4
1514   4
1515   4
1516   4
1517   7
1518   4
1519   6
1520   4
1521   4
1522   0
1523   4
1524   4
1525   4
1526   4
1527   0
1528   7
1529   7
1530   7
1531   4
1532   4
1533   4
1534   7
1535   7
1536   4
1537   0
1538   4
1539   4
1540   4
1541   4
1542   4
1543   4
1544   4
1545   4
1546   4
1547   4
1548   7
1549   4
1550   4
1551   7
1552   7
1553   4
1554   4
1555   4
1556   4
1557   4
1558   4
1559   4
1560   4
1561   4
1562   4
1563   4
1564   4
1565   4
1566   4
1567   4
1568   4
1569   4
1570   4
1571   4
1572   4
1573   4
1574   4
1575   4
1576   0
1577   6
1578   4
1579   4
1580   4
1581   4
1582   4
1583   4
1584   4
1585   4
1586   4
1587   4
1588   4
1589   4
1590   4
1591   4
1592   4
1593   4
1594   7
1595   4
1596   4
1597   4
1598   6
1599   4
1600   4
1601   4
1602   4
1603   4
1604   4
1605   4
1606   4
1607   4
1608   4
1609   4
1610   4
1611   4
1612   4
1613   4
1614   4
1615   4
1616   7
1617   0
1618   6
1619   0
1620   6
1621   5
1622   6
1623   7
1624   7
1625   7
1626   0
1627   0
1628   6
1629   7
1630   6
1631   4
1632   0
1633   0
1634   0
1635   0
1636   0
1637   0
1638   0
1639   0
1640   0
1641   4
1642   2
1643   0
1644   0
1645   0
1646   0
1647   0
1648   7
1649   1
1650   4
1651   1
1652   4
1653   7
1654   4
1655   0
1656   7
1657   1
1658   0
1659   3
1660   0
1661   0
1662   0
1663   4
1664   7
1665   0
1666   0
1667   7
1668   7
1669   7
1670   7
1671   4
1672   4
1673   4
1674   4
1675   7
1676   2
1677   4
1678   4
1679   5
1680   4
1681   4
1682   0
1683   7
1684   0
1685   4
1686   4
1687   4
1688   4
1689   4
1690   7
1691   4
1692   4
1693   4
1694   4
1695   4
1696   4
1697   0
1698   0
1699   6
1700   0
1701   4
1702   7
1703   0
1704   7
1705   0
1706   0
1707   4
1708   0
1709   4
1710   7
1711   7
1712   3
1713   7
1714   0
1715   7
1716   5
1717   7
1718   4
1719   4
1720   0
1721   7
1722   4
1723   4
1724   7
1725   4
1726   4
1727   0
1728   4
1729   0
1730   4
1731   7
1732   7
1733   4
1734   3
1735   0
1736   3
1737   4
1738   0
1739   2
1740   0
1741   7
1742   7
1743   4
1744   0
1745   4
1746   7
1747   7
1748   0
1749   7
1750   7
1751   5
1752   0
1753   0
1754   4
1755   4
1756   4
1757   4
1758   7
1759   4
1760   4
1761   4
1762   4
1763   4
1764   6
1765   4
1766   4
1767   4
1768   7
1769   6
1770   7
1771   4
1772   4
1773   4
1774   7
1775   0
1776   7
1777   7
1778   7
1779   7
1780   7
1781   4
1782   7
1783   6
1784   1
1785   7
1786   7
1787   5
1788   2
1789   7
1790   7
1791   7
1792   0
1793   7
1794   0
1795   5
1796   7
1797   0
1798   7
1799   6
1800   7
1801   7
1802   4
1803   4
1804   1
1805   0
1806   1
1807   4
1808   0
1809   7
1810   7
1811   4
1812   7
1813   7
1814   4
1815   4
1816   4
1817   4
1818   4
1819   4
1820   4
1821   7
1822   7
1823   4
1824   4
1825   1
1826   6
1827   7
1828   4
1829   4
1830   7
1831   4
1832   7
1833   7
1834   6
1835   7
1836   0
1837   7
1838   6
1839   7
1840   5
1841   4
1842   7
1843   6
1844   2
1845   3
1846   7
1847   4
1848   6
1849   7
1850   7
1851   4
1852   4
1853   4
1854   7
1855   4
1856   7
1857   7
1858   4
1859   7
1860   7
1861   6
1862   4
1863   4
1864   4
1865   4
1866   4
1867   7
1868   4
1869   4
1870   4
1871   4
1872   7
1873   4
1874   4
1875   7
1876   4
1877   4
1878   4
1879   4
1880   4
1881   7
1882   0
1883   7
1884   0
1885   4
1886   0
1887   4
1888   4
1889   4
1890   4
1891   4
1892   4
1893   4
1894   4
1895   4
1896   4
1897   4
1898   0
1899   4
1900   4
1901   4
1902   4
1903   4
1904   7
1905   7
1906   0
1907   7
1908   6
1909   7
1910   7
1911   4
1912   4
1913   0
1914   0
1915   7
1916   0
1917   7
1918   0
1919   0
1920   4
1921   4
1922   7
1923   4
1924   7
1925   4
1926   7
1927   4
1928   4
1929   6
1930   5
1931   4
1932   0
1933   7
1934   3
1935   7
1936   4
1937   7
1938   4
1939   4
1940   6
1941   6
1942   5
1943   7
1944   7
1945   6
1946   6
1947   4
1948   7
1949   7
1950   5
1951   7
1952   4
1953   4
1954   4
1955   4
1956   4
1957   7
1958   4
1959   4
1960   4
1961   4
1962   4
1963   4
1964   0
1965   0
1966   4
1967   4
1968   4
1969   0
1970   4
1971   4
1972   7
1973   4
1974   0
1975   4
1976   7
1977   4
1978   4
1979   4
1980   7
1981   4
1982   4
1983   4
1984   4
1985   4
1986   4
1987   4
1988   4
1989   4
1990   4
1991   4
1992   7
1993   4
1994   4
1995   4
1996   4
1997   3
1998   5
1999   4
2000   4
2001   4
2002   4
2003   4
2004   4
2005   4
2006   5
2007   7
2008   7
2009   2
2010   4
2011   4
2012   4
2013   4
2014   4
2015   6
2016   4
2017   7
2018   4
2019   7
2020   4
2021   4
2022   4
2023   4
2024   4
2025   4
2026   0
2027   4
2028   4
2029   4
2030   6
2031   4
2032   4
2033   4
2034   0
2035   4
2036   4
2037   4
2038   4
2039   7
2040   4
2041   4
2042   4
2043   4
2044   4
2045   6
2046   4
2047   4
2048   4
2049   4
2050   4
2051   0
2052   4
2053   4
2054   4
2055   7
2056   4
2057   4
2058   7
2059   7
2060   4
2061   4
2062   4
2063   4
2064   4
2065   4
2066   4
2067   6
2068   4
2069   4
2070   0
2071   4
2072   4
2073   4
2074   6
2075   4
2076   4
2077   7
2078   5
2079   4
2080   4
2081   4
2082   4
2083   4
2084   0
2085   4
2086   4
2087   4
2088   2
2089   4
2090   1
2091   4
2092   2
2093   1
2094   4
2095   4
2096   6
2097   7
2098   3
2099   4
2100   7
2101   4
2102   7
2103   5
2104   4
2105   7
2106   0
2107   6
2108   4
2109   2
2110   0
2111   2
2112   4
2113   4
2114   4
2115   1
2116   4
2117   4
2118   7
2119   7
2120   4
2121   3
2122   7
2123   1
2124   7
2125   4
2126   7
2127   1
2128   4
2129   4
2130   4
2131   4
2132   6
2133   7
2134   7
2135   2
2136   4
2137   4
2138   4
2139   4
2140   4
2141   4
2142   7
2143   4
2144   7
2145   4
2146   4
2147   4
2148   4
2149   4
2150   4
2151   4
2152   4
2153   4
2154   4
2155   4
2156   0
2157   4
2158   0
2159   4
2160   5
2161   4
2162   7
2163   4
2164   4
2165   1
2166   7
2167   1
2168   4
2169   4
2170   4
2171   5
2172   4
2173   4
2174   6
2175   4
2176   0
2177   4
2178   1
2179   7
2180   7
2181   7
2182   4
2183   7
2184   4
2185   4
2186   7
2187   1
2188   7
2189   2
2190   1
2191   7
2192   4
2193   4
2194   4
2195   4
2196   4
2197   4
2198   7
2199   4
2200   4
2201   7
2202   4
2203   4
2204   4
2205   0
2206   3
2207   4
2208   7
2209   4
2210   2
2211   4
2212   5
2213   7
2214   1
2215   6
2216   0
2217   4
2218   4
2219   4
2220   4
2221   2
2222   4
2223   4
2224   7
2225   4
2226   4
2227   1
2228   7
2229   7
2230   6
2231   5
2232   1
2233   4
2234   4
2235   7
2236   4
2237   7
2238   4
2239   4
2240   6
2241   4
2242   7
2243   7
2244   7
2245   7
2246   4
2247   4
2248   4
2249   7
2250   4
2251   4
2252   4
2253   4
2254   1
2255   3
2256   4
2257   3
2258   7
2259   6
2260   1
2261   0
2262   3
2263   0
2264   0
2265   0
2266   4
2267   0
2268   0
2269   0
2270   0
2271   0
2272   4
2273   3
2274   4
2275   4
2276   4
2277   4
2278   3
2279   4
2280   4
2281   7
2282   4
2283   4
2284   2
2285   4
2286   4
2287   4
2288   4
2289   4
2290   6
2291   1
2292   1
2293   1
2294   2
2295   6
2296   2
2297   0
2298   7
2299   5
2300   2
2301   5
2302   0
2303   0
2304   7
2305   7
2306   7
2307   7
2308   7
2309   0
2310   4
2311   7
2312   6
2313   7
2314   7
2315   7
2316   7
2317   7
2318   6
2319   7
2320   0
2321   6
2322   4
2323   0
2324   7
2325   7
2326   7
2327   7
2328   6
2329   5
2330   0
2331   3
2332   7
2333   7
2334   7
2335   7
2336   7
2337   4
2338   1
2339   4
2340   7
2341   7
2342   7
2343   7
2344   0
2345   1
2346   4
2347   2
2348   7
2349   7
2350   7
2351   0
2352   7
2353   7
2354   7
2355   7
2356   7
2357   0
2358   7
2359   7
2360   1
2361   7
2362   2
2363   6
2364   7
2365   7
2366   4
2367   4
2368   6
2369   2
2370   7
2371   0
2372   7
2373   0
2374   6
2375   0
2376   0
2377   0
2378   0
2379   7
2380   6
2381   0
2382   4
2383   0
2384   4
2385   4
2386   7
2387   0
2388   7
2389   5
2390   6
2391   4
2392   5
2393   6
2394   1
2395   7
2396   3
2397   4
2398   6
2399   6
2400   0
2401   0
2402   7
2403   4
2404   4
2405   4
2406   6
2407   1
2408   4
2409   0
2410   0
2411   0
2412   4
2413   6
2414   0
2415   7
2416   0
2417   4
2418   0
2419   2
2420   0
2421   0
2422   0
2423   7
2424   0
2425   0
2426   6
2427   7
2428   7
2429   4
2430   4
2431   6
2432   7
2433   4
2434   7
2435   6
2436   4
2437   4
2438   4
2439   4
2440   7
2441   7
2442   7
2443   4
2444   7
2445   6
2446   4
2447   4
2448   4
2449   4
2450   0
2451   4
2452   6
2453   4
2454   4
2455   3
2456   4
2457   4
2458   6
2459   4
2460   2
2461   4
2462   4
2463   4
2464   4
2465   4
2466   4
2467   4
2468   4
2469   4
2470   1
2471   4
2472   4
2473   4
2474   7
2475   4
2476   2
2477   4
2478   7
2479   0
2480   4
2481   4
2482   4
2483   1
2484   4
2485   4
2486   4
2487   4
2488   7
2489   6
2490   4
2491   4
2492   4
2493   4
2494   4
2495   4
2496   4
2497   4
2498   4
2499   7
2500   0
2501   4
2502   6
2503   4
2504   4
2505   6
2506   4
2507   6
2508   7
2509   6
2510   7
2511   6
2512   4
2513   4
2514   4
2515   1
2516   5
2517   6
2518   7
2519   7
2520   3
2521   0
2522   0
2523   3
2524   4
2525   4
2526   7
2527   4
2528   4
2529   4
2530   7
2531   5
2532   4
2533   4
2534   4
2535   4
2536   5
2537   3
2538   4
2539   4
2540   4
2541   4
2542   1
2543   0
2544   4
2545   4
2546   4
2547   4
2548   2
2549   4
2550   4
2551   7
2552   3
2553   5
2554   4
2555   4
2556   0
2557   0
2558   3
2559   4
2560   7
2561   2
2562   4
2563   7
2564   1
2565   7
2566   7
2567   2
2568   4
2569   6
2570   4
2571   7
2572   4
2573   4
2574   4
2575   4
2576   4
2577   4
2578   4
2579   4
2580   4
2581   4
2582   4
2583   4
2584   4
2585   4
2586   4
2587   4
2588   4
2589   4
2590   4
2591   4
2592   4
2593   4
2594   4
2595   4
2596   7
2597   4
2598   4
2599   4
2600   7
2601   4
2602   4
2603   4
2604   4
2605   4
2606   4
2607   4
2608   4
2609   7
2610   4
2611   4
2612   4
2613   4
2614   4
2615   4
2616   4
2617   4
2618   4
2619   4
2620   4
2621   4
2622   7
2623   4
2624   0
2625   0
2626   4
2627   4
2628   7
2629   4
2630   4
2631   7
2632   4
2633   4
2634   4
2635   7
2636   6
2637   4
2638   4
2639   6
2640   4
2641   0
2642   4
2643   4
2644   1
2645   4
2646   4
2647   4
2648   4
2649   0
2650   4
2651   4
2652   4
2653   4
2654   6
2655   5
2656   4
2657   4
2658   0
2659   4
2660   4
2661   4
2662   1
2663   4
2664   4
2665   4
2666   7
2667   4
2668   4
2669   4
2670   4
2671   1
2672   0
2673   4
2674   7
2675   7
2676   4
2677   7
2678   4
2679   7
2680   4
2681   4
2682   7
2683   4
2684   4
2685   7
2686   4
2687   7
2688   0
2689   7
2690   0
2691   0
2692   0
2693   7
2694   0
2695   4
2696   7
2697   6
2698   4
2699   5
2700   5
2701   7
2702   4
2703   7
2704   7
2705   7
2706   4
2707   2
2708   6
2709   7
2710   5
2711   7
2712   5
2713   4
2714   6
2715   2
2716   5
2717   4
2718   0
2719   6
2720   3
2721   0
2722   4
2723   4
2724   4
2725   4
2726   6
2727   2
2728   3
2729   4
2730   0
2731   6
2732   4
2733   6
2734   3
2735   6
2736   4
2737   0
2738   4
2739   3
2740   4
2741   4
2742   4
2743   0
2744   0
2745   1
2746   0
2747   7
2748   0
2749   0
2750   1
2751   0
2752   6
2753   6
2754   2
2755   7
2756   7
2757   7
2758   7
2759   5
2760   7
2761   7
2762   7
2763   6
2764   7
2765   1
2766   6
2767   4
2768   4
2769   5
2770   4
2771   4
2772   4
2773   0
2774   5
2775   7
2776   7
2777   7
2778   7
2779   7
2780   7
2781   7
2782   4
2783   5
2784   7
2785   0
2786   0
2787   6
2788   4
2789   4
2790   0
2791   5
2792   4
2793   2
2794   1
2795   0
2796   2
2797   0
2798   7
2799   0
2800   1
2801   7
2802   7
2803   0
2804   4
2805   0
2806   4
2807   4
2808   0
2809   7
2810   4
2811   1
2812   6
2813   4
2814   3
2815   7
2816   4
2817   1
2818   1
2819   7
2820   7
2821   7
2822   5
2823   7
2824   0
2825   4
2826   4
2827   7
2828   4
2829   4
2830   4
2831   7
2832   4
2833   6
2834   4
2835   4
2836   4
2837   1
2838   4
2839   4
2840   4
2841   4
2842   4
2843   0
2844   4
2845   5
2846   4
2847   4
2848   4
2849   4
2850   4
2851   4
2852   4
2853   4
2854   4
2855   4
2856   1
2857   4
2858   4
2859   7
2860   4
2861   4
2862   4
2863   7
2864   4
2865   4
2866   6
2867   4
2868   7
2869   4
2870   6
2871   7
2872   4
2873   1
2874   7
2875   4
2876   4
2877   4
2878   6
2879   7
2880   4
2881   4
2882   3
2883   6
2884   4
2885   4
2886   0
2887   4
2888   4
2889   4
2890   4
2891   4
2892   1
2893   4
2894   4
2895   1
2896   4
2897   4
2898   4
2899   4
2900   4
2901   4
2902   4
2903   4
2904   4
2905   4
2906   4
2907   4
2908   4
2909   4
2910   4
2911   6
2912   4
2913   4
2914   6
2915   7
2916   4
2917   6
2918   5
2919   7
2920   4
2921   4
2922   4
2923   4
2924   4
2925   4
2926   4
2927   4
2928   7
2929   6
2930   4
2931   7
2932   4
2933   7
2934   4
2935   4
2936   7
2937   4
2938   4
2939   4
2940   4
2941   4
2942   4
2943   4
2944   4
2945   4
2946   4
2947   4
2948   4
2949   6
2950   6
2951   4
2952   4
2953   4
2954   4
2955   4
2956   4
2957   4
2958   4
2959   4
2960   7
2961   7
2962   7
2963   7
2964   7
2965   4
2966   7
2967   1
2968   7
2969   6
2970   7
2971   4
2972   7
2973   7
2974   7
2975   6
2976   4
2977   4
2978   2
2979   3
2980   5
2981   7
2982   4
2983   4
2984   4
2985   7
2986   0
2987   7
2988   4
2989   7
2990   4
2991   4
2992   5
2993   7
2994   7
2995   7
2996   6
2997   7
2998   6
2999   7
3000   7
3001   7
3002   7
3003   7
3004   7
3005   7
3006   5
3007   7
3008   7
3009   7
3010   7
3011   4
3012   3
3013   7
3014   7
3015   7
3016   7
3017   7
3018   7
3019   7
3020   6
3021   7
3022   7
3023   4
3024   0
3025   0
3026   1
3027   4
3028   0
3029   0
3030   1
3031   6
3032   4
3033   7
3034   4
3035   7
3036   4
3037   4
3038   1
3039   4
3040   4
3041   4
3042   2
3043   3
3044   7
3045   4
3046   4
3047   4
3048   7
3049   7
3050   7
3051   0
3052   4
3053   4
3054   6
3055   4
3056   4
3057   1
3058   6
3059   7
3060   4
3061   7
3062   7
3063   7
3064   5
3065   7
3066   4
3067   4
3068   7
3069   6
3070   4
3071   7
3072   0
3073   4
3074   6
3075   7
3076   7
3077   7
3078   5
3079   6
3080   6
3081   4
3082   7
3083   7
3084   4
3085   4
3086   7
3087   4
3088   0
3089   4
3090   7
3091   4
3092   4
3093   4
3094   4
3095   4
3096   6
3097   4
3098   4
3099   4
3100   7
3101   4
3102   4
3103   4
3104   7
3105   7
3106   4
3107   7
3108   7
3109   1
3110   4
3111   7
3112   4
3113   5
3114   4
3115   7
3116   4
3117   2
3118   4
3119   4
3120   3
3121   7
3122   7
3123   6
3124   4
3125   4
3126   3
3127   7
3128   1
3129   4
3130   4
3131   4
3132   4
3133   4
3134   4
3135   3
3136   7
3137   5
3138   0
3139   0
3140   1
3141   1
3142   4
3143   4
3144   7
3145   7
3146   7
3147   4
3148   7
3149   7
3150   4
3151   4
3152   4
3153   7
3154   4
3155   4
3156   7
3157   4
3158   4
3159   4
3160   4
3161   4
3162   4
3163   4
3164   0
3165   0
3166   4
3167   2
3168   4
3169   0
3170   0
3171   6
3172   7
3173   4
3174   4
3175   4
3176   4
3177   0
3178   4
3179   0
3180   4
3181   4
3182   0
3183   1
3184   0
3185   7
3186   0
3187   0
3188   0
3189   7
3190   0
3191   4
3192   4
3193   7
3194   7
3195   0
3196   5
3197   0
3198   0
3199   0
3200   7
3201   4
3202   6
3203   7
3204   4
3205   4
3206   7
3207   4
3208   3
3209   4
3210   7
3211   4
3212   4
3213   4
3214   4
3215   7
3216   7
3217   7
3218   0
3219   7
3220   7
3221   4
3222   6
3223   7
3224   4
3225   4
3226   0
3227   7
3228   0
3229   7
3230   7
3231   6
3232   6
3233   4
3234   4
3235   3
3236   2
3237   5
3238   6
3239   4
3240   4
3241   4
3242   4
3243   4
3244   0
3245   4
3246   3
3247   3
3248   4
3249   4
3250   4
3251   4
3252   7
3253   5
3254   4
3255   4
3256   6
3257   4
3258   4
3259   0
3260   4
3261   2
3262   6
3263   4
3264   0
3265   4
3266   4
3267   4
3268   7
3269   4
3270   4
3271   4
3272   4
3273   0
3274   6
3275   4
3276   0
3277   4
3278   4
3279   4
3280   0
3281   7
3282   7
3283   4
3284   4
3285   4
3286   4
3287   6
3288   4
3289   7
3290   4
3291   4
3292   4
3293   4
3294   4
3295   5
3296   4
3297   7
3298   0
3299   4
3300   4
3301   4
3302   4
3303   4
3304   2
3305   4
3306   4
3307   7
3308   2
3309   4
3310   2
3311   4
3312   4
3313   2
3314   4
3315   4
3316   4
3317   7
3318   4
3319   4
3320   4
3321   4
3322   6
3323   4
3324   4
3325   4
3326   7
3327   4
3328   4
3329   4
3330   4
3331   4
3332   4
3333   4
3334   6
3335   4
3336   4
3337   3
3338   0
3339   1
3340   4
3341   4
3342   4
3343   4
3344   0
3345   7
3346   6
3347   4
3348   5
3349   4
3350   4
3351   0
3352   6
3353   0
3354   0
3355   1
3356   5
3357   4
3358   6
3359   6
3360   7
3361   3
3362   2
3363   7
3364   4
3365   4
3366   3
3367   4
3368   7
3369   4
3370   4
3371   4
3372   4
3373   6
3374   4
3375   7
3376   3
3377   4
3378   4
3379   7
3380   6
3381   4
3382   7
3383   6
3384   7
3385   4
3386   4
3387   0
3388   4
3389   7
3390   6
3391   7
3392   4
3393   4
3394   2
3395   4
3396   7
3397   7
3398   7
3399   7
3400   2
3401   0
3402   0
3403   3
3404   4
3405   4
3406   0
3407   4
3408   4
3409   4
3410   5
3411   4
3412   2
3413   4
3414   6
3415   0
3416   3
3417   0
3418   5
3419   4
3420   1
3421   4
3422   4
3423   4
3424   4
3425   4
3426   7
3427   5
3428   4
3429   5
3430   7
3431   7
3432   4
3433   7
3434   4
3435   0
3436   4
3437   2
3438   4
3439   4
3440   4
3441   4
3442   5
3443   4
3444   0
3445   3
3446   6
3447   4
3448   4
3449   4
3450   3
3451   4
3452   0
3453   4
3454   4
3455   7
3456   3
3457   0
3458   6
3459   5
3460   6
3461   0
3462   2
3463   6
3464   0
3465   4
3466   7
3467   3
3468   4
3469   4
3470   3
3471   4
3472   7
3473   6
3474   3
3475   4
3476   2
3477   7
3478   4
3479   4
3480   7
3481   3
3482   4
3483   1
3484   5
3485   4
3486   4
3487   4
3488   7
3489   4
3490   0
3491   4
3492   0
3493   4
3494   6
3495   4
3496   4
3497   4
3498   4
3499   4
3500   4
3501   2
3502   3
3503   7
3504   0
3505   7
3506   1
3507   0
3508   0
3509   1
3510   3
3511   4
3512   0
3513   4
3514   2
3515   0
3516   7
3517   4
3518   6
3519   4
3520   4
3521   7
3522   7
3523   6
3524   0
3525   0
3526   0
3527   0
3528   6
3529   7
3530   5
3531   7
3532   0
3533   4
3534   7
3535   0
3536   4
3537   0
3538   6
3539   0
3540   7
3541   3
3542   4
3543   5
3544   0
3545   6
3546   0
3547   5
3548   4
3549   4
3550   4
3551   0
3552   6
3553   0
3554   1
3555   0
3556   4
3557   4
3558   4
3559   7
3560   4
3561   4
3562   1
3563   4
3564   0
3565   2
3566   0
3567   0
3568   0
3569   1
3570   4
3571   4
3572   1
3573   4
3574   4
3575   0
3576   4
3577   7
3578   4
3579   7
3580   0
3581   7
3582   0
3583   0
3584   7
3585   2
3586   7
3587   0
3588   4
3589   0
3590   4
3591   4
3592   4
3593   7
3594   0
3595   6
3596   4
3597   7
3598   1
3599   4
3600   4
3601   4
3602   7
3603   4
3604   4
3605   7
3606   7
3607   7
3608   4
3609   4
3610   4
3611   7
3612   4
3613   4
3614   4
3615   4
3616   4
3617   4
3618   0
3619   4
3620   4
3621   4
3622   4
3623   4
3624   5
3625   4
3626   6
3627   4
3628   4
3629   0
3630   5
3631   0
3632   4
3633   7
3634   7
3635   4
3636   5
3637   4
3638   4
3639   4
3640   4
3641   4
3642   4
3643   1
3644   4
3645   1
3646   7
3647   4
3648   4
3649   5
3650   1
3651   4
3652   4
3653   4
3654   4
3655   4
3656   4
3657   1
3658   7
3659   7
3660   4
3661   4
3662   4
3663   7
3664   5
3665   4
3666   4
3667   4
3668   0
3669   5
3670   0
3671   0
3672   4
3673   4
3674   4
3675   4
3676   4
3677   4
3678   4
3679   4
3680   4
3681   4
3682   4
3683   4
3684   0
3685   4
3686   7
3687   7
3688   4
3689   6
3690   4
3691   5
3692   4
3693   4
3694   5
3695   4
3696   3
3697   7
3698   4
3699   4
3700   0
3701   0
3702   1
3703   5
3704   4
3705   7
3706   5
3707   7
3708   6
3709   7
3710   5
3711   0
3712   4
3713   2
3714   4
3715   6
3716   0
3717   4
3718   7
3719   4
3720   2
3721   3
3722   4
3723   0
3724   0
3725   0
3726   7
3727   7
3728   4
3729   7
3730   4
3731   7
3732   7
3733   4
3734   4
3735   7
3736   4
3737   4
3738   4
3739   5
3740   4
3741   4
3742   4
3743   4
3744   6
3745   4
3746   4
3747   4
3748   7
3749   4
3750   4
3751   4
3752   7
3753   4
3754   2
3755   5
3756   4
3757   4
3758   4
3759   4
3760   4
3761   0
3762   4
3763   7
3764   4
3765   4
3766   4
3767   4
3768   2
3769   4
3770   4
3771   4
3772   4
3773   4
3774   4
3775   4
3776   7
3777   4
3778   7
3779   4
3780   4
3781   4
3782   4
3783   4
3784   4
3785   4
3786   4
3787   4
3788   7
3789   7
3790   4
3791   4
3792   4
3793   4
3794   7
3795   7
3796   7
3797   4
3798   4
3799   0
3800   7
3801   4
3802   4
3803   4
3804   4
3805   4
3806   0
3807   7
3808   7
3809   4
3810   4
3811   0
3812   4
3813   4
3814   4
3815   4
3816   7
3817   4
3818   4
3819   4
3820   7
3821   4
3822   6
3823   1
3824   0
3825   0
3826   0
3827   4
3828   4
3829   4
3830   2
3831   4
3832   6
3833   4
3834   0
3835   0
3836   0
3837   7
3838   0
3839   0
3840   4
3841   4
3842   4
3843   4
3844   4
3845   4
3846   4
3847   4
3848   4
3849   4
3850   4
3851   4
3852   4
3853   5
3854   4
3855   7
3856   4
3857   4
3858   5
3859   5
3860   4
3861   3
3862   4
3863   4
3864   7
3865   7
3866   6
3867   6
3868   7
3869   3
3870   5
3871   4
3872   7
3873   7
3874   5
3875   4
3876   4
3877   7
3878   6
3879   7
3880   7
3881   7
3882   0
3883   7
3884   7
3885   4
3886   5
3887   5
3888   4
3889   4
3890   4
3891   4
3892   4
3893   7
3894   5
3895   5
3896   5
3897   7
3898   5
3899   3
3900   4
3901   3
3902   5
3903   0
3904   4
3905   4
3906   7
3907   6
3908   7
3909   4
3910   4
3911   2
3912   7
3913   3
3914   4
3915   7
3916   7
3917   3
3918   6
3919   4
3920   5
3921   0
3922   4
3923   2
3924   4
3925   4
3926   0
3927   2
3928   4
3929   4
3930   4
3931   0
3932   4
3933   5
3934   4
3935   4
3936   4
3937   0
3938   4
3939   4
3940   7
3941   4
3942   7
3943   4
3944   2
3945   4
3946   7
3947   4
3948   4
3949   4
3950   1
3951   4
3952   4
3953   4
3954   4
3955   4
3956   5
3957   3
3958   0
3959   4
3960   7
3961   4
3962   4
3963   2
3964   7
3965   2
3966   7
3967   4
3968   3
3969   4
3970   4
3971   4
3972   4
3973   4
3974   5
3975   4
3976   4
3977   4
3978   4
3979   4
3980   6
3981   4
3982   3
3983   4
3984   6
3985   4
3986   4
3987   6
3988   6
3989   5
3990   1
3991   7
3992   4
3993   3
3994   3
3995   4
3996   2
3997   5
3998   4
3999   4
4000   4
4001   7
4002   4
4003   2
4004   4
4005   4
4006   4
4007   4
4008   2
4009   7
4010   7
4011   6
4012   6
4013   4
4014   0
4015   4
4016   1
4017   4
4018   1
4019   4
4020   6
4021   4
4022   4
4023   7
4024   4
4025   4
4026   4
4027   4
4028   4
4029   4
4030   4
4031   4
4032   4
4033   4
4034   6
4035   4
4036   4
4037   4
4038   4
4039   4
4040   4
4041   4
4042   6
4043   4
4044   4
4045   4
4046   4
4047   7
4048   4
4049   4
4050   4
4051   4
4052   7
4053   4
4054   4
4055   4
4056   4
4057   4
4058   4
4059   4
4060   6
4061   4
4062   4
4063   4
4064   4
4065   4
4066   4
4067   4
4068   6
4069   4
4070   7
4071   4
4072   4
4073   4
4074   6
4075   4
4076   6
4077   4
4078   4
4079   7
4080   3
4081   4
4082   4
4083   4
4084   4
4085   4
4086   4
4087   4
4088   4
4089   7
4090   4
4091   4
4092   4
4093   4
4094   3
4095   7
