COMMAND
./sim gshare 12 6 jpeg_trace.txt
OUTPUT
number of predictions:		2000000
number of mispredictions:	156868
misprediction rate:		7.84%
FINAL GSHARE CONTENTS
0   6
1   4
2   4
3   4
4   3
5   4
6   7
7   4
8   4
9   4
10   4
11   3
12   4
13   4
14   4
15   2
16   6
17   2
18   4
19   4
20   5
21   4
22   5
23   4
24   4
25   7
26   4
27   4
28   7
29   6
30   6
31   5
32   7
33   4
34   7
35   5
36   5
37   5
38   5
39   4
40   4
41   4
42   7
43   4
44   4
45   4
46   3
47   1
48   2
49   5
50   2
51   2
52   7
53   4
54   2
55   6
56   2
57   3
58   6
59   1
60   4
61   2
62   4
63   2
64   4
65   7
66   3
67   6
68   2
69   7
70   6
71   7
72   4
73   4
74   7
75   4
76   4
77   4
78   4
79   4
80   4
81   7
82   4
83   7
84   4
85   4
86   7
87   4
88   4
89   4
90   4
91   4
92   4
93   4
94   4
95   4
96   4
97   4
98   7
99   7
100   7
101   5
102   7
103   7
104   6
105   4
106   2
107   4
108   4
109   4
110   4
111   4
112   4
113   6
114   4
115   4
116   4
117   4
118   4
119   4
120   4
121   4
122   4
123   4
124   4
125   4
126   4
127   4
128   4
129   4
130   4
131   4
132   4
133   3
134   4
135   4
136   4
137   2
138   6
139   3
140   7
141   4
142   4
143   4
144   4
145   4
146   4
147   4
148   4
149   4
150   4
151   3
152   4
153   4
154   4
155   4
156   4
157   2
158   4
159   4
160   4
161   4
162   6
163   4
164   4
165   4
166   4
167   4
168   7
169   4
170   4
171   7
172   4
173   4
174   4
175   4
176   4
177   4
178   4
179   4
180   6
181   6
182   4
183   4
184   4
185   6
186   7
187   7
188   4
189   4
190   4
191   6
192   4
193   4
194   4
195   7
196   7
197   4
198   4
199   4
200   0
201   2
202   6
203   4
204   0
205   4
206   4
207   4
208   7
209   4
210   6
211   4
212   4
213   4
214   7
215   7
216   3
217   0
218   1
219   4
220   4
221   4
222   4
223   2
224   4
225   4
226   7
227   4
228   4
229   7
230   4
231   4
232   0
233   2
234   1
235   7
236   1
237   7
238   7
239   7
240   6
241   4
242   4
243   4
244   6
245   4
246   6
247   4
248   7
249   5
250   6
251   4
252   6
253   7
254   7
255   6
256   4
257   4
258   5
259   6
260   7
261   7
262   6
263   0
264   4
265   6
266   4
267   4
268   0
269   4
270   4
271   0
272   4
273   7
274   6
275   7
276   0
277   4
278   4
279   7
280   7
281   6
282   7
283   7
284   7
285   0
286   7
287   7
288   7
289   4
290   7
291   7
292   7
293   6
294   7
295   7
296   4
297   7
298   7
299   0
300   6
301   4
302   2
303   4
304   0
305   7
306   0
307   6
308   0
309   6
310   4
311   4
312   7
313   4
314   7
315   0
316   4
317   0
318   4
319   4
320   4
321   4
322   4
323   3
324   4
325   3
326   4
327   4
328   7
329   4
330   6
331   3
332   4
333   4
334   4
335   4
336   4
337   4
338   4
339   7
340   4
341   4
342   7
343   7
344   4
345   4
346   4
347   3
348   4
349   4
350   4
351   4
352   7
353   0
354   7
355   4
356   7
357   7
358   4
359   7
360   0
361   5
362   4
363   6
364   3
365   6
366   4
367   2
368   2
369   4
370   2
371   4
372   3
373   7
374   4
375   4
376   2
377   4
378   2
379   4
380   4
381   2
382   4
383   2
384   2
385   2
386   4
387   4
388   0
389   4
390   2
391   4
392   6
393   4
394   4
395   4
396   7
397   4
398   4
399   2
400   4
401   4
402   4
403   4
404   4
405   4
406   0
407   4
408   4
409   3
410   4
411   3
412   0
413   4
414   2
415   7
416   7
417   4
418   7
419   6
420   7
421   7
422   4
423   4
424   6
425   7
426   3
427   2
428   7
429   7
430   7
431   6
432   7
433   4
434   7
435   4
436   4
437   4
438   7
439   7
440   4
441   4
442   4
443   4
444   7
445   7
446   4
447   7
448   4
449   7
450   4
451   6
452   4
453   2
454   4
455   7
456   4
457   4
458   7
459   4
460   5
461   4
462   5
463   4
464   4
465   5
466   7
467   6
468   6
469   0
470   4
471   7
472   4
473   2
474   0
475   0
476   7
477   7
478   4
479   7
480   0
481   3
482   4
483   1
484   4
485   4
486   7
487   7
488   4
489   4
490   4
491   4
492   4
493   6
494   6
495   6
496   7
497   6
498   4
499   4
500   2
501   6
502   7
503   2
504   4
505   4
506   7
507   4
508   0
509   4
510   4
511   4
512   4
513   7
514   4
515   4
516   5
517   0
518   7
519   5
520   4
521   0
522   7
523   4
524   0
525   4
526   7
527   7
528   4
529   7
530   7
531   4
532   7
533   7
534   6
535   7
536   7
537   7
538   4
539   4
540   0
541   3
542   7
543   7
544   4
545   4
546   6
547   3
548   4
549   4
550   4
551   4
552   4
553   7
554   3
555   5
556   4
557   0
558   7
559   7
560   7
561   6
562   7
563   4
564   7
565   5
566   5
567   7
568   0
569   7
570   7
571   7
572   7
573   7
574   7
575   7
576   7
577   4
578   7
579   4
580   4
581   4
582   4
583   0
584   4
585   5
586   4
587   7
588   3
589   7
590   3
591   3
592   7
593   0
594   6
595   0
596   7
597   4
598   5
599   7
600   4
601   0
602   7
603   4
604   3
605   4
606   7
607   4
608   0
609   0
610   4
611   1
612   7
613   4
614   7
615   0
616   0
617   4
618   4
619   4
620   4
621   0
622   0
623   4
624   4
625   1
626   4
627   4
628   4
629   7
630   1
631   4
632   4
633   0
634   5
635   4
636   7
637   4
638   0
639   0
640   6
641   4
642   4
643   4
644   4
645   4
646   7
647   2
648   3
649   4
650   4
651   4
652   0
653   4
654   4
655   4
656   4
657   4
658   7
659   4
660   0
661   4
662   7
663   4
664   3
665   4
666   4
667   4
668   0
669   4
670   0
671   4
672   4
673   4
674   4
675   4
676   4
677   4
678   4
679   4
680   4
681   7
682   0
683   4
684   4
685   4
686   4
687   4
688   4
689   6
690   4
691   4
692   7
693   4
694   4
695   4
696   2
697   4
698   0
699   5
700   6
701   4
702   4
703   4
704   4
705   6
706   4
707   4
708   6
709   4
710   4
711   6
712   4
713   4
714   4
715   4
716   4
717   4
718   4
719   4
720   4
721   7
722   4
723   4
724   4
725   4
726   4
727   4
728   4
729   4
730   4
731   4
732   4
733   4
734   4
735   4
736   4
737   4
738   4
739   3
740   4
741   4
742   7
743   4
744   4
745   4
746   4
747   4
748   4
749   4
750   4
751   4
752   4
753   4
754   1
755   4
756   4
757   6
758   4
759   4
760   4
761   4
762   4
763   4
764   4
765   4
766   7
767   0
768   7
769   4
770   4
771   4
772   4
773   4
774   6
775   0
776   7
777   7
778   4
779   4
780   7
781   0
782   7
783   3
784   4
785   4
786   0
787   6
788   0
789   0
790   0
791   4
792   7
793   7
794   7
795   7
796   7
797   4
798   7
799   6
800   7
801   0
802   7
803   4
804   0
805   4
806   4
807   4
808   4
809   2
810   4
811   4
812   1
813   6
814   4
815   4
816   4
817   7
818   4
819   7
820   4
821   6
822   4
823   4
824   4
825   4
826   4
827   7
828   4
829   4
830   4
831   4
832   4
833   0
834   4
835   4
836   1
837   1
838   4
839   7
840   7
841   7
842   0
843   4
844   0
845   7
846   4
847   4
848   7
849   1
850   4
851   7
852   7
853   7
854   6
855   2
856   7
857   1
858   2
859   0
860   0
861   4
862   2
863   4
864   4
865   7
866   4
867   4
868   0
869   7
870   0
871   4
872   4
873   4
874   6
875   4
876   0
877   4
878   4
879   0
880   4
881   4
882   4
883   7
884   4
885   7
886   4
887   4
888   0
889   7
890   4
891   4
892   2
893   7
894   0
895   7
896   4
897   4
898   4
899   4
900   4
901   4
902   4
903   4
904   7
905   3
906   0
907   5
908   4
909   4
910   4
911   4
912   5
913   4
914   4
915   4
916   4
917   4
918   4
919   6
920   3
921   4
922   7
923   6
924   5
925   4
926   4
927   4
928   4
929   7
930   7
931   5
932   4
933   4
934   4
935   7
936   1
937   4
938   4
939   4
940   4
941   4
942   4
943   2
944   7
945   4
946   4
947   3
948   3
949   4
950   4
951   2
952   5
953   4
954   6
955   7
956   4
957   4
958   4
959   7
960   1
961   0
962   5
963   0
964   3
965   4
966   0
967   2
968   4
969   5
970   6
971   0
972   5
973   7
974   7
975   5
976   0
977   7
978   7
979   6
980   0
981   6
982   7
983   4
984   4
985   5
986   1
987   7
988   5
989   7
990   5
991   4
992   4
993   7
994   4
995   6
996   6
997   4
998   1
999   4
1000   3
1001   4
1002   7
1003   7
1004   4
1005   7
1006   4
1007   7
1008   3
1009   4
1010   2
1011   1
1012   1
1013   7
1014   1
1015   4
1016   4
1017   7
1018   0
1019   4
1020   3
1021   2
1022   2
1023   4
1024   2
1025   4
1026   7
1027   2
1028   5
1029   7
1030   0
1031   1
1032   0
1033   3
1034   7
1035   0
1036   7
1037   7
1038   7
1039   7
1040   7
1041   7
1042   7
1043   7
1044   7
1045   1
1046   7
1047   2
1048   6
1049   7
1050   7
1051   1
1052   7
1053   7
1054   7
1055   7
1056   0
1057   5
1058   3
1059   2
1060   7
1061   5
1062   0
1063   6
1064   7
1065   3
1066   4
1067   4
1068   1
1069   1
1070   4
1071   7
1072   7
1073   0
1074   7
1075   6
1076   7
1077   7
1078   7
1079   7
1080   0
1081   0
1082   5
1083   0
1084   4
1085   0
1086   1
1087   3
1088   7
1089   7
1090   7
1091   6
1092   4
1093   7
1094   7
1095   7
1096   7
1097   4
1098   5
1099   3
1100   7
1101   0
1102   7
1103   7
1104   3
1105   7
1106   7
1107   2
1108   7
1109   0
1110   0
1111   3
1112   7
1113   7
1114   1
1115   4
1116   4
1117   7
1118   7
1119   6
1120   4
1121   3
1122   7
1123   7
1124   1
1125   0
1126   7
1127   1
1128   7
1129   7
1130   0
1131   4
1132   6
1133   0
1134   1
1135   5
1136   0
1137   7
1138   0
1139   1
1140   0
1141   0
1142   7
1143   7
1144   2
1145   1
1146   0
1147   7
1148   7
1149   4
1150   7
1151   7
1152   1
1153   7
1154   7
1155   1
1156   4
1157   4
1158   4
1159   7
1160   7
1161   7
1162   7
1163   7
1164   6
1165   6
1166   7
1167   6
1168   0
1169   7
1170   7
1171   7
1172   7
1173   7
1174   7
1175   6
1176   2
1177   6
1178   7
1179   7
1180   7
1181   7
1182   7
1183   7
1184   7
1185   0
1186   7
1187   7
1188   7
1189   7
1190   7
1191   0
1192   7
1193   4
1194   7
1195   7
1196   6
1197   4
1198   4
1199   4
1200   4
1201   7
1202   7
1203   6
1204   7
1205   7
1206   7
1207   1
1208   7
1209   7
1210   7
1211   7
1212   7
1213   7
1214   7
1215   7
1216   0
1217   0
1218   4
1219   7
1220   1
1221   0
1222   1
1223   2
1224   6
1225   1
1226   0
1227   6
1228   6
1229   6
1230   7
1231   4
1232   1
1233   4
1234   4
1235   4
1236   4
1237   4
1238   7
1239   4
1240   4
1241   2
1242   4
1243   7
1244   4
1245   4
1246   7
1247   5
1248   7
1249   7
1250   7
1251   0
1252   0
1253   5
1254   1
1255   5
1256   7
1257   7
1258   4
1259   2
1260   0
1261   0
1262   0
1263   0
1264   0
1265   0
1266   4
1267   7
1268   4
1269   7
1270   3
1271   1
1272   7
1273   4
1274   4
1275   7
1276   4
1277   4
1278   4
1279   7
1280   0
1281   0
1282   0
1283   7
1284   0
1285   0
1286   7
1287   4
1288   6
1289   1
1290   2
1291   5
1292   7
1293   7
1294   7
1295   1
1296   0
1297   4
1298   0
1299   2
1300   0
1301   7
1302   0
1303   3
1304   0
1305   0
1306   7
1307   7
1308   0
1309   0
1310   0
1311   0
1312   7
1313   7
1314   6
1315   7
1316   2
1317   0
1318   0
1319   7
1320   0
1321   0
1322   0
1323   1
1324   7
1325   7
1326   7
1327   0
1328   0
1329   7
1330   0
1331   0
1332   0
1333   0
1334   0
1335   0
1336   2
1337   0
1338   0
1339   7
1340   0
1341   7
1342   0
1343   0
1344   7
1345   7
1346   7
1347   4
1348   4
1349   7
1350   7
1351   7
1352   7
1353   7
1354   6
1355   4
1356   7
1357   7
1358   7
1359   7
1360   7
1361   7
1362   4
1363   7
1364   4
1365   4
1366   7
1367   4
1368   4
1369   4
1370   7
1371   4
1372   4
1373   4
1374   4
1375   4
1376   7
1377   7
1378   6
1379   4
1380   7
1381   7
1382   7
1383   4
1384   7
1385   7
1386   7
1387   4
1388   7
1389   7
1390   7
1391   6
1392   4
1393   7
1394   4
1395   7
1396   0
1397   0
1398   7
1399   4
1400   4
1401   4
1402   7
1403   7
1404   0
1405   4
1406   7
1407   0
1408   4
1409   4
1410   4
1411   4
1412   4
1413   4
1414   4
1415   4
1416   4
1417   4
1418   4
1419   4
1420   4
1421   4
1422   4
1423   4
1424   4
1425   7
1426   7
1427   4
1428   4
1429   4
1430   4
1431   4
1432   4
1433   4
1434   0
1435   4
1436   4
1437   4
1438   4
1439   4
1440   4
1441   4
1442   7
1443   4
1444   4
1445   7
1446   7
1447   4
1448   7
1449   4
1450   4
1451   4
1452   7
1453   4
1454   4
1455   7
1456   4
1457   4
1458   0
1459   4
1460   4
1461   4
1462   4
1463   7
1464   0
1465   6
1466   1
1467   4
1468   4
1469   4
1470   4
1471   7
1472   4
1473   4
1474   4
1475   4
1476   4
1477   4
1478   4
1479   4
1480   4
1481   4
1482   4
1483   4
1484   4
1485   4
1486   4
1487   7
1488   7
1489   0
1490   4
1491   4
1492   0
1493   4
1494   4
1495   4
1496   4
1497   4
1498   4
1499   4
1500   4
1501   4
1502   0
1503   4
1504   4
1505   4
1506   4
1507   4
1508   4
1509   4
1510   4
1511   0
1512   4
1513   0
1514   4
1515   4
1516   4
1517   0
1518   4
1519   4
1520   4
1521   0
1522   1
1523   4
1524   6
1525   4
1526   4
1527   7
1528   4
1529   4
1530   4
1531   7
1532   4
1533   4
1534   7
1535   4
1536   4
1537   4
1538   4
1539   4
1540   4
1541   4
1542   7
1543   4
1544   4
1545   4
1546   4
1547   4
1548   4
1549   4
1550   4
1551   4
1552   4
1553   4
1554   4
1555   4
1556   4
1557   0
1558   0
1559   4
1560   6
1561   4
1562   4
1563   4
1564   4
1565   4
1566   4
1567   4
1568   4
1569   4
1570   4
1571   4
1572   4
1573   7
1574   4
1575   4
1576   4
1577   4
1578   4
1579   4
1580   4
1581   4
1582   4
1583   4
1584   4
1585   4
1586   4
1587   4
1588   5
1589   5
1590   4
1591   4
1592   4
1593   4
1594   4
1595   4
1596   7
1597   7
1598   4
1599   4
1600   0
1601   0
1602   0
1603   2
1604   0
1605   0
1606   5
1607   0
1608   7
1609   4
1610   0
1611   0
1612   6
1613   7
1614   0
1615   0
1616   4
1617   0
1618   0
1619   0
1620   0
1621   0
1622   4
1623   0
1624   2
1625   1
1626   0
1627   0
1628   7
1629   2
1630   0
1631   5
1632   7
1633   0
1634   0
1635   0
1636   2
1637   0
1638   6
1639   7
1640   5
1641   1
1642   0
1643   7
1644   5
1645   5
1646   2
1647   4
1648   0
1649   0
1650   1
1651   1
1652   7
1653   0
1654   6
1655   4
1656   6
1657   2
1658   7
1659   7
1660   7
1661   7
1662   6
1663   7
1664   2
1665   7
1666   0
1667   7
1668   3
1669   7
1670   7
1671   0
1672   7
1673   0
1674   7
1675   7
1676   5
1677   7
1678   7
1679   7
1680   7
1681   7
1682   7
1683   7
1684   7
1685   7
1686   7
1687   6
1688   7
1689   0
1690   7
1691   5
1692   2
1693   0
1694   7
1695   7
1696   7
1697   7
1698   3
1699   1
1700   7
1701   7
1702   7
1703   7
1704   4
1705   7
1706   4
1707   4
1708   7
1709   4
1710   3
1711   7
1712   4
1713   7
1714   0
1715   4
1716   7
1717   7
1718   7
1719   7
1720   7
1721   4
1722   0
1723   6
1724   0
1725   4
1726   0
1727   4
1728   7
1729   7
1730   5
1731   7
1732   7
1733   7
1734   2
1735   0
1736   7
1737   7
1738   7
1739   7
1740   7
1741   7
1742   7
1743   5
1744   4
1745   7
1746   0
1747   0
1748   6
1749   2
1750   7
1751   0
1752   7
1753   6
1754   0
1755   7
1756   7
1757   7
1758   3
1759   5
1760   1
1761   1
1762   6
1763   7
1764   0
1765   0
1766   2
1767   7
1768   0
1769   0
1770   0
1771   4
1772   2
1773   5
1774   0
1775   0
1776   0
1777   7
1778   0
1779   7
1780   7
1781   2
1782   0
1783   7
1784   2
1785   7
1786   6
1787   7
1788   5
1789   0
1790   4
1791   7
1792   7
1793   4
1794   7
1795   6
1796   4
1797   0
1798   7
1799   1
1800   6
1801   3
1802   4
1803   7
1804   7
1805   7
1806   1
1807   7
1808   0
1809   4
1810   6
1811   7
1812   4
1813   4
1814   1
1815   7
1816   7
1817   7
1818   0
1819   0
1820   4
1821   7
1822   1
1823   7
1824   7
1825   4
1826   0
1827   5
1828   7
1829   7
1830   4
1831   7
1832   7
1833   7
1834   5
1835   2
1836   6
1837   1
1838   7
1839   7
1840   6
1841   7
1842   6
1843   7
1844   7
1845   7
1846   7
1847   6
1848   6
1849   7
1850   4
1851   7
1852   4
1853   4
1854   5
1855   7
1856   7
1857   7
1858   6
1859   6
1860   6
1861   7
1862   7
1863   7
1864   4
1865   7
1866   6
1867   7
1868   4
1869   7
1870   7
1871   7
1872   0
1873   4
1874   4
1875   0
1876   4
1877   0
1878   7
1879   4
1880   4
1881   4
1882   7
1883   4
1884   4
1885   0
1886   7
1887   4
1888   1
1889   6
1890   4
1891   7
1892   0
1893   7
1894   0
1895   7
1896   4
1897   7
1898   4
1899   7
1900   0
1901   4
1902   4
1903   0
1904   7
1905   7
1906   7
1907   4
1908   0
1909   0
1910   4
1911   4
1912   4
1913   4
1914   4
1915   4
1916   4
1917   4
1918   4
1919   4
1920   4
1921   5
1922   5
1923   6
1924   4
1925   7
1926   4
1927   5
1928   4
1929   7
1930   7
1931   4
1932   7
1933   7
1934   5
1935   7
1936   4
1937   3
1938   4
1939   4
1940   7
1941   5
1942   0
1943   4
1944   4
1945   4
1946   4
1947   4
1948   7
1949   4
1950   7
1951   4
1952   4
1953   6
1954   4
1955   4
1956   6
1957   6
1958   5
1959   7
1960   5
1961   7
1962   5
1963   4
1964   7
1965   7
1966   6
1967   7
1968   4
1969   4
1970   4
1971   4
1972   5
1973   7
1974   4
1975   0
1976   4
1977   5
1978   7
1979   4
1980   5
1981   5
1982   5
1983   4
1984   4
1985   4
1986   4
1987   4
1988   4
1989   4
1990   4
1991   7
1992   4
1993   4
1994   4
1995   4
1996   4
1997   4
1998   4
1999   4
2000   7
2001   7
2002   4
2003   7
2004   3
2005   2
2006   4
2007   4
2008   4
2009   2
2010   4
2011   4
2012   4
2013   4
2014   4
2015   4
2016   4
2017   4
2018   7
2019   4
2020   4
2021   4
2022   4
2023   4
2024   4
2025   5
2026   4
2027   4
2028   4
2029   4
2030   4
2031   4
2032   4
2033   4
2034   4
2035   4
2036   7
2037   4
2038   4
2039   6
2040   4
2041   4
2042   4
2043   4
2044   4
2045   4
2046   4
2047   4
2048   2
2049   4
2050   7
2051   7
2052   1
2053   4
2054   4
2055   4
2056   4
2057   1
2058   7
2059   6
2060   4
2061   7
2062   4
2063   7
2064   4
2065   4
2066   4
2067   0
2068   4
2069   7
2070   0
2071   2
2072   4
2073   2
2074   4
2075   4
2076   4
2077   4
2078   4
2079   6
2080   4
2081   4
2082   4
2083   4
2084   7
2085   7
2086   4
2087   2
2088   7
2089   4
2090   7
2091   4
2092   0
2093   3
2094   0
2095   3
2096   2
2097   4
2098   4
2099   0
2100   4
2101   0
2102   4
2103   4
2104   4
2105   4
2106   7
2107   4
2108   7
2109   4
2110   4
2111   4
2112   0
2113   4
2114   6
2115   6
2116   4
2117   1
2118   7
2119   4
2120   4
2121   4
2122   6
2123   4
2124   4
2125   4
2126   4
2127   6
2128   3
2129   7
2130   4
2131   5
2132   7
2133   7
2134   7
2135   4
2136   4
2137   4
2138   4
2139   1
2140   4
2141   4
2142   4
2143   7
2144   7
2145   7
2146   1
2147   4
2148   6
2149   7
2150   7
2151   1
2152   4
2153   0
2154   4
2155   0
2156   7
2157   4
2158   7
2159   4
2160   4
2161   4
2162   4
2163   0
2164   4
2165   4
2166   7
2167   4
2168   3
2169   7
2170   0
2171   4
2172   4
2173   4
2174   4
2175   4
2176   3
2177   3
2178   7
2179   4
2180   7
2181   7
2182   0
2183   7
2184   4
2185   6
2186   7
2187   6
2188   6
2189   7
2190   5
2191   6
2192   4
2193   4
2194   7
2195   4
2196   4
2197   4
2198   4
2199   4
2200   4
2201   0
2202   4
2203   2
2204   1
2205   4
2206   4
2207   4
2208   4
2209   6
2210   4
2211   5
2212   4
2213   4
2214   6
2215   4
2216   4
2217   3
2218   4
2219   2
2220   7
2221   2
2222   4
2223   6
2224   4
2225   4
2226   4
2227   4
2228   7
2229   5
2230   7
2231   4
2232   5
2233   7
2234   7
2235   4
2236   1
2237   4
2238   4
2239   4
2240   3
2241   0
2242   6
2243   7
2244   4
2245   4
2246   7
2247   2
2248   3
2249   6
2250   7
2251   7
2252   5
2253   7
2254   1
2255   7
2256   1
2257   0
2258   0
2259   0
2260   0
2261   3
2262   7
2263   0
2264   0
2265   4
2266   2
2267   1
2268   0
2269   7
2270   0
2271   1
2272   3
2273   7
2274   5
2275   7
2276   4
2277   4
2278   0
2279   6
2280   7
2281   5
2282   0
2283   4
2284   0
2285   7
2286   4
2287   1
2288   0
2289   6
2290   6
2291   2
2292   7
2293   0
2294   4
2295   0
2296   0
2297   0
2298   4
2299   7
2300   7
2301   4
2302   4
2303   0
2304   7
2305   7
2306   0
2307   7
2308   7
2309   5
2310   7
2311   7
2312   7
2313   6
2314   7
2315   0
2316   7
2317   5
2318   7
2319   3
2320   7
2321   7
2322   7
2323   7
2324   7
2325   7
2326   7
2327   0
2328   5
2329   7
2330   7
2331   7
2332   7
2333   7
2334   7
2335   7
2336   0
2337   1
2338   2
2339   6
2340   5
2341   6
2342   0
2343   7
2344   4
2345   7
2346   4
2347   5
2348   3
2349   0
2350   7
2351   0
2352   7
2353   7
2354   7
2355   7
2356   7
2357   7
2358   7
2359   7
2360   6
2361   7
2362   7
2363   7
2364   7
2365   7
2366   7
2367   7
2368   2
2369   0
2370   0
2371   7
2372   2
2373   0
2374   0
2375   7
2376   4
2377   4
2378   4
2379   2
2380   7
2381   7
2382   0
2383   5
2384   2
2385   7
2386   4
2387   4
2388   4
2389   7
2390   7
2391   3
2392   0
2393   1
2394   7
2395   2
2396   2
2397   7
2398   5
2399   3
2400   0
2401   7
2402   0
2403   0
2404   6
2405   6
2406   7
2407   6
2408   0
2409   6
2410   0
2411   7
2412   4
2413   3
2414   6
2415   7
2416   0
2417   0
2418   7
2419   0
2420   0
2421   0
2422   4
2423   5
2424   4
2425   0
2426   7
2427   3
2428   7
2429   0
2430   4
2431   5
2432   4
2433   4
2434   2
2435   6
2436   7
2437   7
2438   4
2439   4
2440   4
2441   4
2442   4
2443   0
2444   2
2445   4
2446   4
2447   4
2448   4
2449   4
2450   4
2451   4
2452   4
2453   1
2454   4
2455   4
2456   4
2457   6
2458   4
2459   4
2460   4
2461   4
2462   5
2463   4
2464   4
2465   6
2466   7
2467   4
2468   7
2469   4
2470   6
2471   4
2472   7
2473   7
2474   7
2475   7
2476   3
2477   4
2478   4
2479   4
2480   2
2481   6
2482   6
2483   2
2484   6
2485   6
2486   7
2487   4
2488   4
2489   4
2490   4
2491   4
2492   4
2493   7
2494   6
2495   4
2496   3
2497   4
2498   4
2499   5
2500   2
2501   2
2502   4
2503   4
2504   6
2505   3
2506   5
2507   4
2508   3
2509   4
2510   7
2511   7
2512   4
2513   4
2514   1
2515   4
2516   1
2517   4
2518   7
2519   4
2520   4
2521   4
2522   5
2523   6
2524   0
2525   3
2526   3
2527   4
2528   4
2529   4
2530   4
2531   4
2532   4
2533   4
2534   1
2535   7
2536   4
2537   4
2538   4
2539   0
2540   0
2541   5
2542   4
2543   3
2544   6
2545   5
2546   4
2547   7
2548   5
2549   4
2550   6
2551   4
2552   4
2553   7
2554   4
2555   6
2556   7
2557   6
2558   7
2559   7
2560   4
2561   4
2562   4
2563   4
2564   4
2565   4
2566   4
2567   4
2568   4
2569   7
2570   4
2571   4
2572   4
2573   4
2574   7
2575   4
2576   4
2577   7
2578   7
2579   4
2580   4
2581   4
2582   4
2583   4
2584   4
2585   6
2586   4
2587   4
2588   4
2589   4
2590   4
2591   4
2592   4
2593   4
2594   4
2595   4
2596   4
2597   7
2598   7
2599   4
2600   4
2601   4
2602   4
2603   4
2604   4
2605   4
2606   4
2607   4
2608   7
2609   7
2610   4
2611   7
2612   4
2613   0
2614   1
2615   4
2616   4
2617   6
2618   4
2619   4
2620   4
2621   5
2622   4
2623   4
2624   1
2625   4
2626   0
2627   7
2628   4
2629   4
2630   0
2631   7
2632   4
2633   3
2634   4
2635   2
2636   7
2637   7
2638   7
2639   7
2640   4
2641   4
2642   4
2643   4
2644   4
2645   4
2646   4
2647   6
2648   0
2649   4
2650   7
2651   4
2652   4
2653   7
2654   0
2655   7
2656   6
2657   4
2658   4
2659   7
2660   0
2661   4
2662   4
2663   4
2664   0
2665   4
2666   1
2667   4
2668   4
2669   0
2670   4
2671   7
2672   0
2673   4
2674   4
2675   4
2676   7
2677   4
2678   4
2679   7
2680   7
2681   4
2682   4
2683   4
2684   6
2685   0
2686   4
2687   4
2688   4
2689   0
2690   3
2691   7
2692   6
2693   7
2694   0
2695   4
2696   2
2697   7
2698   0
2699   0
2700   4
2701   1
2702   0
2703   7
2704   3
2705   7
2706   7
2707   2
2708   0
2709   7
2710   7
2711   7
2712   7
2713   4
2714   0
2715   5
2716   3
2717   0
2718   7
2719   5
2720   6
2721   0
2722   0
2723   0
2724   3
2725   0
2726   2
2727   1
2728   7
2729   4
2730   0
2731   3
2732   5
2733   4
2734   0
2735   0
2736   3
2737   0
2738   4
2739   4
2740   0
2741   1
2742   4
2743   0
2744   4
2745   7
2746   3
2747   4
2748   0
2749   4
2750   0
2751   5
2752   0
2753   6
2754   4
2755   7
2756   1
2757   7
2758   6
2759   4
2760   4
2761   6
2762   7
2763   4
2764   6
2765   4
2766   7
2767   7
2768   7
2769   6
2770   1
2771   7
2772   1
2773   1
2774   7
2775   6
2776   2
2777   1
2778   1
2779   4
2780   0
2781   0
2782   2
2783   1
2784   7
2785   7
2786   4
2787   7
2788   6
2789   7
2790   4
2791   7
2792   3
2793   7
2794   0
2795   7
2796   3
2797   7
2798   0
2799   4
2800   7
2801   0
2802   7
2803   7
2804   5
2805   6
2806   7
2807   7
2808   6
2809   5
2810   2
2811   7
2812   4
2813   4
2814   7
2815   7
2816   4
2817   4
2818   7
2819   4
2820   7
2821   4
2822   5
2823   4
2824   7
2825   4
2826   4
2827   4
2828   4
2829   4
2830   4
2831   7
2832   1
2833   4
2834   1
2835   4
2836   7
2837   4
2838   4
2839   7
2840   7
2841   7
2842   6
2843   7
2844   4
2845   4
2846   4
2847   4
2848   4
2849   4
2850   7
2851   0
2852   4
2853   4
2854   4
2855   6
2856   7
2857   4
2858   4
2859   7
2860   7
2861   7
2862   0
2863   4
2864   4
2865   5
2866   7
2867   6
2868   2
2869   7
2870   4
2871   7
2872   7
2873   7
2874   5
2875   5
2876   4
2877   4
2878   4
2879   4
2880   7
2881   7
2882   4
2883   7
2884   4
2885   7
2886   4
2887   4
2888   7
2889   4
2890   4
2891   4
2892   4
2893   6
2894   4
2895   4
2896   4
2897   7
2898   4
2899   7
2900   1
2901   4
2902   4
2903   4
2904   4
2905   6
2906   4
2907   4
2908   4
2909   1
2910   4
2911   4
2912   5
2913   4
2914   4
2915   4
2916   4
2917   7
2918   4
2919   4
2920   4
2921   4
2922   0
2923   6
2924   4
2925   4
2926   4
2927   5
2928   6
2929   5
2930   7
2931   7
2932   4
2933   3
2934   4
2935   4
2936   4
2937   4
2938   4
2939   4
2940   4
2941   5
2942   4
2943   4
2944   7
2945   7
2946   7
2947   4
2948   7
2949   4
2950   6
2951   4
2952   4
2953   7
2954   0
2955   7
2956   6
2957   4
2958   7
2959   1
2960   4
2961   7
2962   4
2963   7
2964   6
2965   4
2966   4
2967   4
2968   1
2969   5
2970   0
2971   7
2972   4
2973   4
2974   4
2975   6
2976   7
2977   7
2978   7
2979   6
2980   7
2981   6
2982   7
2983   6
2984   7
2985   7
2986   7
2987   7
2988   4
2989   7
2990   7
2991   7
2992   7
2993   7
2994   6
2995   6
2996   7
2997   7
2998   4
2999   4
3000   7
3001   7
3002   4
3003   4
3004   5
3005   7
3006   7
3007   7
3008   6
3009   7
3010   7
3011   7
3012   4
3013   7
3014   4
3015   6
3016   7
3017   7
3018   6
3019   7
3020   7
3021   6
3022   4
3023   7
3024   2
3025   7
3026   3
3027   4
3028   4
3029   1
3030   7
3031   7
3032   7
3033   0
3034   7
3035   7
3036   4
3037   7
3038   7
3039   7
3040   0
3041   0
3042   0
3043   2
3044   2
3045   0
3046   0
3047   3
3048   7
3049   2
3050   7
3051   4
3052   7
3053   7
3054   7
3055   7
3056   0
3057   2
3058   7
3059   7
3060   7
3061   5
3062   6
3063   7
3064   7
3065   7
3066   7
3067   7
3068   7
3069   7
3070   7
3071   7
3072   7
3073   6
3074   0
3075   4
3076   4
3077   4
3078   7
3079   7
3080   4
3081   7
3082   4
3083   4
3084   4
3085   4
3086   7
3087   3
3088   0
3089   7
3090   4
3091   7
3092   7
3093   4
3094   6
3095   7
3096   7
3097   4
3098   7
3099   7
3100   4
3101   4
3102   3
3103   4
3104   1
3105   7
3106   3
3107   4
3108   4
3109   7
3110   4
3111   7
3112   4
3113   4
3114   7
3115   4
3116   4
3117   4
3118   4
3119   4
3120   4
3121   7
3122   3
3123   7
3124   2
3125   7
3126   7
3127   6
3128   7
3129   7
3130   1
3131   4
3132   4
3133   7
3134   7
3135   4
3136   4
3137   4
3138   0
3139   4
3140   0
3141   1
3142   4
3143   0
3144   7
3145   7
3146   0
3147   0
3148   4
3149   7
3150   0
3151   0
3152   7
3153   4
3154   4
3155   0
3156   4
3157   0
3158   4
3159   7
3160   7
3161   5
3162   7
3163   4
3164   0
3165   5
3166   4
3167   4
3168   4
3169   4
3170   0
3171   4
3172   0
3173   0
3174   7
3175   4
3176   0
3177   7
3178   4
3179   2
3180   5
3181   4
3182   4
3183   4
3184   7
3185   4
3186   3
3187   6
3188   4
3189   0
3190   0
3191   0
3192   2
3193   0
3194   0
3195   0
3196   0
3197   0
3198   4
3199   0
3200   7
3201   0
3202   7
3203   7
3204   0
3205   4
3206   4
3207   7
3208   2
3209   4
3210   4
3211   4
3212   4
3213   7
3214   4
3215   7
3216   6
3217   3
3218   4
3219   7
3220   4
3221   4
3222   2
3223   4
3224   4
3225   7
3226   4
3227   4
3228   6
3229   7
3230   4
3231   4
3232   4
3233   4
3234   7
3235   7
3236   7
3237   6
3238   6
3239   7
3240   0
3241   4
3242   4
3243   7
3244   7
3245   7
3246   7
3247   6
3248   7
3249   0
3250   6
3251   7
3252   7
3253   7
3254   7
3255   4
3256   0
3257   4
3258   7
3259   4
3260   4
3261   4
3262   4
3263   7
3264   4
3265   7
3266   4
3267   4
3268   5
3269   4
3270   4
3271   4
3272   4
3273   4
3274   4
3275   7
3276   4
3277   7
3278   7
3279   7
3280   7
3281   7
3282   4
3283   6
3284   4
3285   7
3286   4
3287   4
3288   7
3289   7
3290   7
3291   4
3292   4
3293   4
3294   4
3295   0
3296   4
3297   4
3298   4
3299   4
3300   4
3301   1
3302   4
3303   6
3304   4
3305   0
3306   6
3307   4
3308   0
3309   4
3310   0
3311   0
3312   4
3313   2
3314   4
3315   4
3316   4
3317   6
3318   4
3319   4
3320   4
3321   4
3322   4
3323   4
3324   0
3325   5
3326   0
3327   4
3328   4
3329   2
3330   4
3331   4
3332   7
3333   0
3334   4
3335   3
3336   4
3337   3
3338   6
3339   4
3340   5
3341   4
3342   4
3343   0
3344   4
3345   7
3346   4
3347   4
3348   4
3349   3
3350   6
3351   4
3352   7
3353   5
3354   7
3355   7
3356   4
3357   4
3358   4
3359   7
3360   7
3361   4
3362   7
3363   4
3364   7
3365   0
3366   6
3367   4
3368   6
3369   6
3370   4
3371   6
3372   6
3373   4
3374   6
3375   6
3376   6
3377   4
3378   7
3379   4
3380   4
3381   4
3382   0
3383   1
3384   7
3385   4
3386   4
3387   7
3388   0
3389   4
3390   3
3391   4
3392   6
3393   0
3394   6
3395   4
3396   3
3397   4
3398   6
3399   7
3400   4
3401   3
3402   4
3403   4
3404   4
3405   3
3406   4
3407   7
3408   7
3409   0
3410   0
3411   0
3412   4
3413   1
3414   0
3415   7
3416   4
3417   7
3418   4
3419   3
3420   4
3421   4
3422   4
3423   7
3424   4
3425   7
3426   4
3427   0
3428   0
3429   7
3430   7
3431   7
3432   4
3433   4
3434   0
3435   5
3436   6
3437   4
3438   4
3439   4
3440   7
3441   6
3442   0
3443   2
3444   6
3445   4
3446   4
3447   4
3448   4
3449   0
3450   4
3451   0
3452   5
3453   2
3454   4
3455   4
3456   0
3457   3
3458   0
3459   1
3460   0
3461   4
3462   3
3463   4
3464   4
3465   4
3466   1
3467   4
3468   4
3469   3
3470   6
3471   1
3472   4
3473   4
3474   0
3475   0
3476   1
3477   7
3478   7
3479   6
3480   5
3481   4
3482   4
3483   4
3484   6
3485   4
3486   7
3487   0
3488   4
3489   4
3490   4
3491   7
3492   2
3493   4
3494   4
3495   4
3496   0
3497   0
3498   5
3499   4
3500   0
3501   0
3502   4
3503   4
3504   4
3505   6
3506   7
3507   6
3508   5
3509   2
3510   7
3511   7
3512   4
3513   2
3514   2
3515   3
3516   7
3517   4
3518   7
3519   4
3520   0
3521   1
3522   7
3523   7
3524   4
3525   4
3526   4
3527   0
3528   1
3529   4
3530   4
3531   4
3532   4
3533   7
3534   4
3535   4
3536   0
3537   0
3538   4
3539   0
3540   6
3541   0
3542   1
3543   7
3544   4
3545   4
3546   4
3547   4
3548   6
3549   6
3550   0
3551   0
3552   7
3553   4
3554   0
3555   4
3556   1
3557   4
3558   0
3559   0
3560   7
3561   3
3562   1
3563   4
3564   4
3565   4
3566   0
3567   7
3568   3
3569   0
3570   1
3571   1
3572   4
3573   0
3574   0
3575   4
3576   4
3577   0
3578   4
3579   6
3580   0
3581   0
3582   0
3583   1
3584   4
3585   6
3586   2
3587   7
3588   4
3589   4
3590   4
3591   6
3592   4
3593   3
3594   7
3595   0
3596   7
3597   4
3598   7
3599   0
3600   4
3601   0
3602   5
3603   0
3604   7
3605   6
3606   0
3607   3
3608   4
3609   7
3610   0
3611   4
3612   4
3613   4
3614   7
3615   7
3616   7
3617   0
3618   4
3619   7
3620   7
3621   4
3622   4
3623   6
3624   1
3625   0
3626   4
3627   0
3628   7
3629   4
3630   5
3631   1
3632   7
3633   6
3634   4
3635   5
3636   4
3637   4
3638   7
3639   4
3640   7
3641   0
3642   4
3643   4
3644   7
3645   3
3646   7
3647   5
3648   0
3649   3
3650   0
3651   0
3652   7
3653   4
3654   6
3655   5
3656   4
3657   0
3658   3
3659   4
3660   6
3661   6
3662   4
3663   6
3664   4
3665   4
3666   4
3667   5
3668   4
3669   2
3670   4
3671   4
3672   4
3673   4
3674   3
3675   4
3676   4
3677   5
3678   4
3679   4
3680   7
3681   4
3682   7
3683   7
3684   0
3685   5
3686   5
3687   6
3688   4
3689   7
3690   0
3691   5
3692   4
3693   4
3694   4
3695   7
3696   4
3697   7
3698   1
3699   4
3700   7
3701   4
3702   1
3703   7
3704   7
3705   7
3706   5
3707   7
3708   5
3709   1
3710   1
3711   7
3712   4
3713   0
3714   4
3715   2
3716   4
3717   5
3718   7
3719   7
3720   4
3721   4
3722   7
3723   5
3724   5
3725   2
3726   7
3727   4
3728   7
3729   5
3730   7
3731   4
3732   7
3733   4
3734   6
3735   4
3736   5
3737   7
3738   7
3739   7
3740   7
3741   7
3742   3
3743   4
3744   4
3745   0
3746   0
3747   0
3748   3
3749   0
3750   0
3751   7
3752   0
3753   4
3754   1
3755   4
3756   4
3757   4
3758   4
3759   4
3760   0
3761   4
3762   7
3763   0
3764   1
3765   4
3766   5
3767   5
3768   4
3769   4
3770   4
3771   4
3772   4
3773   4
3774   4
3775   0
3776   7
3777   4
3778   7
3779   4
3780   4
3781   4
3782   4
3783   0
3784   4
3785   4
3786   4
3787   4
3788   4
3789   0
3790   0
3791   5
3792   4
3793   4
3794   0
3795   4
3796   7
3797   4
3798   7
3799   4
3800   4
3801   3
3802   7
3803   4
3804   7
3805   1
3806   5
3807   6
3808   0
3809   3
3810   5
3811   5
3812   0
3813   7
3814   4
3815   7
3816   1
3817   5
3818   7
3819   4
3820   4
3821   4
3822   6
3823   3
3824   0
3825   0
3826   0
3827   4
3828   4
3829   7
3830   4
3831   4
3832   0
3833   0
3834   4
3835   4
3836   0
3837   4
3838   0
3839   0
3840   7
3841   6
3842   5
3843   6
3844   7
3845   4
3846   3
3847   4
3848   7
3849   7
3850   7
3851   5
3852   7
3853   1
3854   7
3855   7
3856   7
3857   7
3858   4
3859   3
3860   4
3861   7
3862   6
3863   7
3864   7
3865   7
3866   4
3867   7
3868   3
3869   6
3870   3
3871   1
3872   4
3873   5
3874   7
3875   3
3876   4
3877   4
3878   3
3879   4
3880   4
3881   7
3882   7
3883   7
3884   4
3885   7
3886   7
3887   6
3888   5
3889   3
3890   4
3891   4
3892   5
3893   4
3894   4
3895   4
3896   4
3897   4
3898   4
3899   0
3900   2
3901   4
3902   4
3903   4
3904   0
3905   3
3906   4
3907   5
3908   5
3909   7
3910   4
3911   5
3912   7
3913   3
3914   4
3915   4
3916   0
3917   4
3918   4
3919   4
3920   4
3921   4
3922   2
3923   4
3924   6
3925   7
3926   4
3927   7
3928   0
3929   4
3930   4
3931   4
3932   5
3933   4
3934   3
3935   4
3936   4
3937   2
3938   4
3939   7
3940   4
3941   2
3942   0
3943   0
3944   7
3945   7
3946   4
3947   4
3948   4
3949   4
3950   4
3951   0
3952   4
3953   2
3954   4
3955   2
3956   4
3957   4
3958   7
3959   4
3960   7
3961   7
3962   0
3963   3
3964   4
3965   3
3966   6
3967   7
3968   4
3969   3
3970   4
3971   4
3972   4
3973   6
3974   4
3975   2
3976   6
3977   4
3978   1
3979   7
3980   4
3981   4
3982   6
3983   4
3984   6
3985   4
3986   5
3987   5
3988   3
3989   2
3990   4
3991   0
3992   5
3993   4
3994   7
3995   4
3996   4
3997   4
3998   7
3999   4
4000   3
4001   4
4002   4
4003   4
4004   6
4005   6
4006   4
4007   7
4008   4
4009   4
4010   4
4011   4
4012   4
4013   5
4014   2
4015   4
4016   4
4017   4
4018   4
4019   4
4020   2
4021   7
4022   4
4023   2
4024   2
4025   4
4026   4
4027   4
4028   4
4029   7
4030   4
4031   7
4032   4
4033   6
4034   4
4035   4
4036   4
4037   4
4038   4
4039   4
4040   1
4041   4
4042   4
4043   4
4044   4
4045   4
4046   7
4047   4
4048   4
4049   4
4050   6
4051   4
4052   6
4053   4
4054   7
4055   7
4056   7
4057   4
4058   4
4059   4
4060   4
4061   4
4062   6
4063   0
4064   6
4065   6
4066   4
4067   4
4068   4
4069   4
4070   4
4071   4
4072   4
4073   4
4074   4
4075   4
4076   4
4077   4
4078   4
4079   6
4080   4
4081   4
4082   4
4083   4
4084   6
4085   4
4086   4
4087   7
4088   6
4089   4
4090   4
4091   4
4092   7
4093   4
4094   4
4095   6
