COMMAND
./sim gshare 12 8 jpeg_trace.txt
OUTPUT
number of predictions:		2000000
number of mispredictions:	145518
misprediction rate:		7.28%
FINAL GSHARE CONTENTS
0   4
1   7
2   4
3   4
4   4
5   7
6   4
7   4
8   3
9   4
10   4
11   6
12   4
13   4
14   4
15   2
16   7
17   2
18   0
19   7
20   7
21   4
22   4
23   5
24   4
25   2
26   4
27   4
28   6
29   4
30   2
31   4
32   1
33   2
34   6
35   4
36   4
37   7
38   5
39   6
40   2
41   2
42   4
43   3
44   1
45   4
46   2
47   5
48   2
49   6
50   0
51   2
52   4
53   4
54   2
55   4
56   4
57   4
58   2
59   0
60   4
61   2
62   6
63   7
64   6
65   4
66   2
67   6
68   2
69   6
70   7
71   5
72   4
73   0
74   3
75   4
76   7
77   7
78   4
79   4
80   4
81   4
82   4
83   2
84   4
85   4
86   5
87   6
88   2
89   2
90   4
91   1
92   4
93   4
94   4
95   4
96   4
97   4
98   4
99   4
100   7
101   3
102   4
103   7
104   7
105   4
106   4
107   7
108   4
109   2
110   6
111   7
112   4
113   4
114   4
115   4
116   0
117   7
118   7
119   5
120   4
121   4
122   4
123   4
124   7
125   4
126   4
127   6
128   6
129   7
130   7
131   6
132   6
133   4
134   6
135   7
136   6
137   4
138   7
139   6
140   4
141   4
142   4
143   6
144   4
145   7
146   4
147   2
148   4
149   7
150   4
151   5
152   4
153   6
154   5
155   7
156   7
157   4
158   4
159   7
160   4
161   4
162   4
163   4
164   4
165   7
166   4
167   7
168   0
169   4
170   6
171   0
172   4
173   6
174   5
175   1
176   7
177   4
178   7
179   5
180   4
181   4
182   4
183   6
184   4
185   7
186   4
187   4
188   7
189   4
190   4
191   4
192   4
193   6
194   7
195   4
196   4
197   4
198   4
199   4
200   7
201   4
202   2
203   7
204   4
205   7
206   5
207   4
208   4
209   6
210   4
211   4
212   5
213   7
214   4
215   4
216   4
217   7
218   4
219   4
220   7
221   6
222   6
223   7
224   7
225   4
226   7
227   7
228   6
229   7
230   5
231   4
232   4
233   4
234   7
235   4
236   4
237   6
238   4
239   4
240   4
241   5
242   4
243   4
244   4
245   4
246   5
247   0
248   4
249   4
250   6
251   5
252   4
253   4
254   4
255   2
256   4
257   1
258   4
259   4
260   4
261   0
262   3
263   7
264   0
265   4
266   7
267   0
268   7
269   7
270   0
271   7
272   4
273   2
274   0
275   4
276   4
277   0
278   4
279   0
280   4
281   4
282   1
283   7
284   7
285   4
286   7
287   4
288   4
289   4
290   4
291   2
292   7
293   4
294   7
295   1
296   4
297   7
298   5
299   1
300   4
301   4
302   4
303   4
304   7
305   7
306   0
307   4
308   0
309   7
310   4
311   5
312   7
313   4
314   4
315   4
316   4
317   7
318   0
319   5
320   6
321   7
322   4
323   7
324   0
325   7
326   5
327   4
328   7
329   4
330   4
331   7
332   7
333   4
334   4
335   4
336   4
337   6
338   4
339   0
340   4
341   6
342   7
343   4
344   4
345   0
346   4
347   4
348   4
349   4
350   0
351   7
352   7
353   0
354   7
355   6
356   7
357   7
358   4
359   7
360   4
361   7
362   2
363   4
364   7
365   4
366   7
367   6
368   7
369   4
370   6
371   0
372   4
373   4
374   2
375   7
376   2
377   6
378   2
379   3
380   7
381   7
382   5
383   7
384   4
385   4
386   7
387   7
388   2
389   0
390   2
391   7
392   7
393   7
394   6
395   4
396   4
397   4
398   4
399   7
400   7
401   6
402   7
403   7
404   6
405   6
406   7
407   7
408   4
409   6
410   4
411   4
412   4
413   0
414   4
415   4
416   4
417   6
418   4
419   4
420   4
421   4
422   4
423   0
424   6
425   6
426   4
427   6
428   4
429   7
430   4
431   7
432   6
433   7
434   4
435   4
436   4
437   4
438   5
439   4
440   4
441   7
442   0
443   7
444   7
445   4
446   4
447   4
448   0
449   4
450   4
451   6
452   7
453   7
454   7
455   4
456   4
457   7
458   3
459   6
460   2
461   7
462   0
463   7
464   2
465   7
466   4
467   7
468   4
469   4
470   4
471   7
472   7
473   6
474   7
475   7
476   7
477   7
478   7
479   6
480   7
481   4
482   7
483   6
484   4
485   4
486   7
487   7
488   4
489   7
490   7
491   6
492   2
493   0
494   7
495   4
496   4
497   7
498   4
499   7
500   7
501   4
502   4
503   4
504   7
505   4
506   3
507   6
508   4
509   4
510   6
511   4
512   0
513   7
514   4
515   0
516   4
517   4
518   4
519   4
520   4
521   4
522   4
523   4
524   6
525   4
526   4
527   7
528   7
529   4
530   4
531   7
532   7
533   4
534   4
535   6
536   4
537   0
538   7
539   6
540   6
541   4
542   7
543   4
544   4
545   6
546   4
547   5
548   4
549   0
550   7
551   0
552   4
553   4
554   7
555   4
556   7
557   4
558   4
559   4
560   5
561   7
562   5
563   7
564   1
565   4
566   1
567   7
568   2
569   0
570   4
571   4
572   7
573   0
574   4
575   2
576   4
577   4
578   4
579   4
580   4
581   4
582   4
583   4
584   4
585   4
586   6
587   4
588   4
589   4
590   4
591   0
592   3
593   7
594   4
595   7
596   0
597   0
598   4
599   4
600   4
601   4
602   4
603   4
604   0
605   4
606   7
607   4
608   4
609   4
610   4
611   4
612   4
613   4
614   6
615   4
616   4
617   4
618   7
619   5
620   0
621   5
622   4
623   3
624   1
625   0
626   3
627   0
628   0
629   4
630   7
631   4
632   4
633   1
634   3
635   0
636   4
637   7
638   5
639   2
640   4
641   7
642   4
643   4
644   6
645   4
646   4
647   4
648   4
649   4
650   7
651   5
652   1
653   3
654   7
655   4
656   7
657   7
658   7
659   4
660   4
661   0
662   7
663   4
664   5
665   4
666   4
667   3
668   4
669   4
670   2
671   7
672   4
673   1
674   3
675   4
676   4
677   0
678   7
679   4
680   4
681   4
682   4
683   0
684   0
685   0
686   3
687   4
688   3
689   7
690   4
691   6
692   4
693   7
694   4
695   1
696   7
697   4
698   4
699   4
700   4
701   4
702   7
703   0
704   7
705   7
706   4
707   4
708   4
709   6
710   7
711   4
712   7
713   4
714   7
715   4
716   4
717   4
718   7
719   4
720   1
721   7
722   7
723   4
724   7
725   7
726   6
727   7
728   7
729   7
730   0
731   7
732   7
733   3
734   7
735   7
736   4
737   6
738   4
739   4
740   6
741   7
742   4
743   0
744   4
745   7
746   7
747   7
748   5
749   4
750   7
751   6
752   7
753   0
754   7
755   7
756   0
757   1
758   7
759   7
760   0
761   6
762   7
763   7
764   3
765   7
766   1
767   1
768   2
769   5
770   2
771   1
772   4
773   1
774   4
775   0
776   4
777   7
778   7
779   7
780   4
781   7
782   4
783   6
784   4
785   3
786   4
787   4
788   1
789   4
790   4
791   4
792   7
793   4
794   7
795   7
796   4
797   4
798   0
799   7
800   2
801   4
802   4
803   4
804   1
805   4
806   4
807   5
808   4
809   4
810   4
811   4
812   4
813   4
814   4
815   7
816   6
817   2
818   2
819   0
820   6
821   4
822   1
823   4
824   4
825   4
826   4
827   4
828   7
829   6
830   0
831   4
832   0
833   0
834   7
835   0
836   0
837   0
838   4
839   4
840   4
841   4
842   0
843   6
844   3
845   4
846   0
847   7
848   4
849   7
850   5
851   2
852   4
853   3
854   4
855   4
856   2
857   1
858   7
859   4
860   0
861   7
862   4
863   6
864   3
865   7
866   4
867   7
868   7
869   7
870   7
871   1
872   7
873   4
874   0
875   4
876   7
877   0
878   4
879   3
880   4
881   4
882   2
883   4
884   3
885   0
886   4
887   0
888   0
889   0
890   1
891   7
892   4
893   4
894   4
895   4
896   3
897   4
898   0
899   4
900   4
901   4
902   3
903   0
904   7
905   7
906   7
907   4
908   7
909   7
910   4
911   5
912   7
913   4
914   4
915   7
916   5
917   5
918   0
919   3
920   7
921   4
922   4
923   5
924   2
925   4
926   2
927   4
928   3
929   4
930   4
931   7
932   7
933   0
934   4
935   4
936   6
937   4
938   4
939   3
940   4
941   1
942   4
943   4
944   4
945   7
946   6
947   7
948   1
949   7
950   0
951   7
952   7
953   0
954   7
955   7
956   7
957   7
958   7
959   0
960   0
961   0
962   7
963   0
964   4
965   4
966   6
967   4
968   0
969   4
970   3
971   4
972   5
973   5
974   4
975   4
976   7
977   7
978   7
979   7
980   7
981   0
982   4
983   5
984   7
985   4
986   7
987   0
988   6
989   3
990   6
991   0
992   2
993   2
994   7
995   5
996   4
997   5
998   4
999   4
1000   7
1001   0
1002   7
1003   4
1004   7
1005   0
1006   6
1007   6
1008   4
1009   4
1010   7
1011   4
1012   7
1013   4
1014   7
1015   7
1016   6
1017   7
1018   4
1019   7
1020   7
1021   0
1022   7
1023   0
1024   7
1025   0
1026   7
1027   7
1028   0
1029   0
1030   0
1031   7
1032   0
1033   0
1034   6
1035   4
1036   0
1037   0
1038   7
1039   0
1040   7
1041   6
1042   7
1043   6
1044   2
1045   7
1046   7
1047   6
1048   7
1049   7
1050   0
1051   7
1052   7
1053   7
1054   2
1055   7
1056   4
1057   1
1058   6
1059   3
1060   0
1061   7
1062   0
1063   1
1064   1
1065   7
1066   7
1067   0
1068   7
1069   2
1070   5
1071   6
1072   7
1073   5
1074   4
1075   0
1076   7
1077   7
1078   0
1079   4
1080   6
1081   7
1082   7
1083   1
1084   7
1085   7
1086   7
1087   7
1088   6
1089   0
1090   7
1091   7
1092   6
1093   1
1094   7
1095   7
1096   7
1097   6
1098   7
1099   7
1100   2
1101   7
1102   4
1103   6
1104   7
1105   7
1106   7
1107   6
1108   4
1109   7
1110   4
1111   7
1112   7
1113   7
1114   7
1115   0
1116   0
1117   0
1118   7
1119   0
1120   3
1121   7
1122   3
1123   7
1124   7
1125   7
1126   0
1127   6
1128   7
1129   5
1130   1
1131   0
1132   4
1133   7
1134   7
1135   7
1136   7
1137   7
1138   2
1139   0
1140   4
1141   6
1142   0
1143   7
1144   3
1145   6
1146   7
1147   7
1148   3
1149   2
1150   7
1151   7
1152   7
1153   4
1154   6
1155   7
1156   7
1157   7
1158   7
1159   7
1160   6
1161   7
1162   7
1163   3
1164   7
1165   6
1166   0
1167   7
1168   7
1169   4
1170   4
1171   1
1172   3
1173   1
1174   3
1175   1
1176   0
1177   7
1178   6
1179   7
1180   7
1181   7
1182   7
1183   2
1184   7
1185   7
1186   7
1187   7
1188   7
1189   6
1190   7
1191   7
1192   5
1193   0
1194   4
1195   0
1196   5
1197   3
1198   7
1199   0
1200   7
1201   7
1202   7
1203   0
1204   6
1205   7
1206   0
1207   7
1208   0
1209   7
1210   0
1211   7
1212   6
1213   7
1214   6
1215   0
1216   2
1217   0
1218   5
1219   0
1220   7
1221   0
1222   7
1223   0
1224   0
1225   7
1226   7
1227   7
1228   7
1229   7
1230   7
1231   0
1232   0
1233   6
1234   6
1235   7
1236   7
1237   7
1238   7
1239   3
1240   2
1241   0
1242   7
1243   7
1244   3
1245   6
1246   0
1247   0
1248   0
1249   7
1250   7
1251   7
1252   7
1253   7
1254   7
1255   6
1256   7
1257   2
1258   7
1259   7
1260   7
1261   7
1262   7
1263   2
1264   6
1265   7
1266   7
1267   7
1268   7
1269   7
1270   7
1271   7
1272   7
1273   7
1274   7
1275   7
1276   7
1277   7
1278   7
1279   5
1280   7
1281   1
1282   7
1283   5
1284   7
1285   7
1286   7
1287   7
1288   7
1289   7
1290   6
1291   4
1292   1
1293   4
1294   7
1295   7
1296   7
1297   7
1298   0
1299   5
1300   7
1301   7
1302   7
1303   7
1304   0
1305   0
1306   0
1307   7
1308   6
1309   0
1310   7
1311   0
1312   7
1313   1
1314   7
1315   6
1316   7
1317   4
1318   7
1319   7
1320   4
1321   7
1322   7
1323   4
1324   7
1325   7
1326   7
1327   6
1328   0
1329   0
1330   7
1331   7
1332   1
1333   1
1334   4
1335   4
1336   3
1337   0
1338   2
1339   0
1340   4
1341   0
1342   7
1343   4
1344   0
1345   0
1346   7
1347   1
1348   0
1349   0
1350   0
1351   0
1352   4
1353   7
1354   0
1355   7
1356   6
1357   7
1358   4
1359   4
1360   2
1361   7
1362   7
1363   4
1364   7
1365   7
1366   4
1367   4
1368   7
1369   7
1370   0
1371   7
1372   7
1373   4
1374   4
1375   7
1376   7
1377   7
1378   6
1379   7
1380   7
1381   0
1382   7
1383   0
1384   7
1385   0
1386   0
1387   0
1388   5
1389   0
1390   7
1391   0
1392   6
1393   7
1394   3
1395   0
1396   6
1397   0
1398   3
1399   0
1400   7
1401   1
1402   7
1403   7
1404   6
1405   3
1406   4
1407   7
1408   7
1409   7
1410   1
1411   0
1412   0
1413   2
1414   2
1415   4
1416   0
1417   0
1418   4
1419   7
1420   5
1421   7
1422   0
1423   2
1424   7
1425   7
1426   4
1427   7
1428   0
1429   7
1430   0
1431   0
1432   4
1433   6
1434   7
1435   7
1436   6
1437   4
1438   6
1439   2
1440   0
1441   4
1442   0
1443   0
1444   0
1445   0
1446   0
1447   0
1448   0
1449   0
1450   0
1451   7
1452   0
1453   7
1454   0
1455   3
1456   7
1457   0
1458   7
1459   7
1460   0
1461   0
1462   7
1463   0
1464   1
1465   6
1466   1
1467   0
1468   1
1469   0
1470   1
1471   0
1472   0
1473   0
1474   0
1475   4
1476   7
1477   2
1478   0
1479   0
1480   0
1481   0
1482   0
1483   0
1484   0
1485   0
1486   0
1487   0
1488   0
1489   7
1490   0
1491   5
1492   0
1493   0
1494   0
1495   7
1496   0
1497   0
1498   0
1499   0
1500   2
1501   0
1502   0
1503   0
1504   0
1505   3
1506   4
1507   0
1508   7
1509   0
1510   0
1511   0
1512   0
1513   4
1514   0
1515   0
1516   0
1517   0
1518   0
1519   0
1520   0
1521   4
1522   6
1523   4
1524   4
1525   0
1526   6
1527   6
1528   7
1529   3
1530   4
1531   4
1532   0
1533   0
1534   0
1535   0
1536   7
1537   7
1538   7
1539   7
1540   7
1541   5
1542   7
1543   7
1544   7
1545   7
1546   7
1547   7
1548   6
1549   7
1550   7
1551   7
1552   7
1553   7
1554   6
1555   5
1556   6
1557   7
1558   7
1559   7
1560   7
1561   6
1562   7
1563   7
1564   7
1565   7
1566   7
1567   5
1568   7
1569   7
1570   6
1571   7
1572   0
1573   0
1574   1
1575   7
1576   0
1577   4
1578   6
1579   6
1580   0
1581   0
1582   0
1583   7
1584   7
1585   7
1586   7
1587   7
1588   0
1589   7
1590   7
1591   5
1592   2
1593   3
1594   2
1595   4
1596   4
1597   7
1598   0
1599   5
1600   1
1601   7
1602   5
1603   7
1604   2
1605   7
1606   0
1607   7
1608   4
1609   6
1610   7
1611   4
1612   7
1613   0
1614   6
1615   5
1616   7
1617   6
1618   3
1619   7
1620   5
1621   7
1622   7
1623   0
1624   7
1625   7
1626   7
1627   0
1628   7
1629   1
1630   7
1631   0
1632   0
1633   0
1634   7
1635   5
1636   0
1637   1
1638   2
1639   1
1640   0
1641   7
1642   1
1643   4
1644   1
1645   1
1646   3
1647   7
1648   7
1649   4
1650   3
1651   0
1652   4
1653   7
1654   7
1655   7
1656   1
1657   0
1658   0
1659   1
1660   3
1661   4
1662   0
1663   0
1664   2
1665   4
1666   5
1667   2
1668   0
1669   3
1670   7
1671   4
1672   0
1673   7
1674   1
1675   0
1676   5
1677   0
1678   4
1679   3
1680   3
1681   4
1682   7
1683   3
1684   2
1685   4
1686   7
1687   7
1688   0
1689   0
1690   0
1691   0
1692   0
1693   0
1694   2
1695   0
1696   7
1697   6
1698   0
1699   0
1700   0
1701   0
1702   6
1703   7
1704   1
1705   0
1706   2
1707   0
1708   2
1709   0
1710   5
1711   7
1712   1
1713   4
1714   4
1715   0
1716   5
1717   0
1718   0
1719   0
1720   0
1721   0
1722   0
1723   0
1724   7
1725   1
1726   0
1727   1
1728   7
1729   7
1730   0
1731   1
1732   7
1733   0
1734   6
1735   7
1736   2
1737   2
1738   0
1739   0
1740   7
1741   2
1742   5
1743   7
1744   7
1745   7
1746   7
1747   0
1748   7
1749   6
1750   7
1751   7
1752   6
1753   2
1754   7
1755   7
1756   7
1757   7
1758   7
1759   4
1760   0
1761   7
1762   5
1763   7
1764   7
1765   7
1766   2
1767   7
1768   6
1769   7
1770   0
1771   5
1772   0
1773   3
1774   7
1775   7
1776   2
1777   7
1778   5
1779   7
1780   7
1781   7
1782   0
1783   6
1784   1
1785   1
1786   2
1787   2
1788   2
1789   2
1790   0
1791   0
1792   4
1793   4
1794   4
1795   7
1796   3
1797   0
1798   0
1799   7
1800   4
1801   7
1802   2
1803   7
1804   5
1805   4
1806   0
1807   5
1808   4
1809   7
1810   6
1811   7
1812   7
1813   6
1814   5
1815   7
1816   7
1817   7
1818   4
1819   4
1820   4
1821   0
1822   6
1823   4
1824   0
1825   2
1826   0
1827   0
1828   6
1829   6
1830   0
1831   4
1832   7
1833   0
1834   4
1835   4
1836   7
1837   7
1838   0
1839   7
1840   4
1841   4
1842   4
1843   2
1844   2
1845   0
1846   0
1847   0
1848   0
1849   7
1850   4
1851   0
1852   0
1853   7
1854   0
1855   6
1856   6
1857   4
1858   1
1859   0
1860   4
1861   7
1862   0
1863   2
1864   2
1865   4
1866   7
1867   4
1868   5
1869   6
1870   4
1871   6
1872   7
1873   0
1874   7
1875   4
1876   7
1877   5
1878   1
1879   4
1880   7
1881   4
1882   7
1883   4
1884   4
1885   4
1886   6
1887   7
1888   7
1889   7
1890   7
1891   3
1892   7
1893   6
1894   6
1895   7
1896   7
1897   6
1898   4
1899   4
1900   7
1901   7
1902   0
1903   7
1904   4
1905   4
1906   7
1907   7
1908   5
1909   6
1910   1
1911   4
1912   6
1913   6
1914   2
1915   4
1916   7
1917   5
1918   0
1919   4
1920   7
1921   7
1922   4
1923   5
1924   6
1925   7
1926   7
1927   4
1928   4
1929   4
1930   6
1931   7
1932   0
1933   7
1934   7
1935   7
1936   4
1937   4
1938   5
1939   7
1940   0
1941   3
1942   7
1943   3
1944   6
1945   7
1946   7
1947   4
1948   7
1949   4
1950   7
1951   7
1952   7
1953   7
1954   0
1955   7
1956   7
1957   7
1958   4
1959   5
1960   7
1961   7
1962   3
1963   7
1964   4
1965   4
1966   4
1967   5
1968   7
1969   7
1970   7
1971   4
1972   4
1973   7
1974   7
1975   7
1976   4
1977   4
1978   0
1979   5
1980   4
1981   7
1982   7
1983   7
1984   7
1985   6
1986   7
1987   6
1988   7
1989   7
1990   7
1991   7
1992   4
1993   4
1994   7
1995   7
1996   7
1997   6
1998   0
1999   7
2000   4
2001   7
2002   7
2003   7
2004   4
2005   7
2006   2
2007   7
2008   7
2009   7
2010   7
2011   4
2012   7
2013   5
2014   6
2015   7
2016   3
2017   7
2018   6
2019   4
2020   6
2021   0
2022   0
2023   7
2024   0
2025   4
2026   0
2027   4
2028   6
2029   5
2030   7
2031   7
2032   4
2033   6
2034   6
2035   7
2036   7
2037   7
2038   3
2039   7
2040   7
2041   7
2042   7
2043   7
2044   1
2045   4
2046   4
2047   4
2048   0
2049   6
2050   6
2051   7
2052   4
2053   7
2054   4
2055   6
2056   7
2057   6
2058   4
2059   7
2060   6
2061   4
2062   3
2063   1
2064   6
2065   6
2066   4
2067   4
2068   7
2069   3
2070   0
2071   3
2072   0
2073   4
2074   0
2075   3
2076   7
2077   4
2078   4
2079   4
2080   5
2081   5
2082   4
2083   5
2084   1
2085   2
2086   4
2087   6
2088   5
2089   1
2090   7
2091   7
2092   7
2093   3
2094   6
2095   4
2096   0
2097   6
2098   0
2099   7
2100   4
2101   4
2102   4
2103   4
2104   4
2105   4
2106   5
2107   7
2108   4
2109   4
2110   2
2111   7
2112   1
2113   0
2114   2
2115   3
2116   0
2117   5
2118   5
2119   4
2120   6
2121   4
2122   1
2123   4
2124   3
2125   4
2126   1
2127   3
2128   7
2129   4
2130   7
2131   7
2132   0
2133   3
2134   5
2135   4
2136   6
2137   7
2138   1
2139   1
2140   0
2141   4
2142   5
2143   0
2144   0
2145   0
2146   2
2147   2
2148   0
2149   3
2150   1
2151   1
2152   6
2153   7
2154   5
2155   7
2156   7
2157   7
2158   4
2159   3
2160   1
2161   4
2162   7
2163   4
2164   4
2165   4
2166   6
2167   2
2168   6
2169   7
2170   4
2171   4
2172   4
2173   0
2174   2
2175   0
2176   6
2177   4
2178   4
2179   4
2180   4
2181   4
2182   6
2183   7
2184   0
2185   2
2186   7
2187   4
2188   1
2189   3
2190   7
2191   3
2192   0
2193   4
2194   4
2195   7
2196   4
2197   7
2198   7
2199   4
2200   3
2201   1
2202   4
2203   4
2204   4
2205   4
2206   4
2207   7
2208   7
2209   7
2210   7
2211   7
2212   6
2213   3
2214   6
2215   4
2216   6
2217   7
2218   7
2219   4
2220   7
2221   4
2222   7
2223   4
2224   0
2225   7
2226   7
2227   6
2228   0
2229   7
2230   1
2231   7
2232   2
2233   4
2234   4
2235   4
2236   6
2237   0
2238   4
2239   4
2240   3
2241   4
2242   4
2243   2
2244   4
2245   7
2246   7
2247   4
2248   4
2249   5
2250   4
2251   6
2252   7
2253   4
2254   7
2255   4
2256   0
2257   7
2258   4
2259   4
2260   4
2261   2
2262   2
2263   4
2264   7
2265   4
2266   4
2267   7
2268   0
2269   4
2270   4
2271   0
2272   7
2273   4
2274   4
2275   7
2276   4
2277   7
2278   7
2279   4
2280   3
2281   1
2282   5
2283   7
2284   1
2285   0
2286   4
2287   7
2288   0
2289   4
2290   4
2291   4
2292   4
2293   4
2294   4
2295   6
2296   7
2297   4
2298   7
2299   7
2300   7
2301   4
2302   4
2303   1
2304   0
2305   0
2306   7
2307   7
2308   4
2309   7
2310   7
2311   7
2312   0
2313   7
2314   7
2315   7
2316   7
2317   0
2318   7
2319   7
2320   7
2321   5
2322   7
2323   0
2324   3
2325   6
2326   4
2327   7
2328   4
2329   5
2330   4
2331   3
2332   0
2333   0
2334   0
2335   1
2336   7
2337   7
2338   7
2339   7
2340   7
2341   7
2342   4
2343   0
2344   0
2345   7
2346   6
2347   5
2348   7
2349   7
2350   7
2351   5
2352   6
2353   7
2354   7
2355   6
2356   0
2357   6
2358   5
2359   0
2360   0
2361   7
2362   6
2363   7
2364   7
2365   1
2366   7
2367   5
2368   0
2369   0
2370   7
2371   6
2372   1
2373   0
2374   7
2375   7
2376   7
2377   3
2378   7
2379   7
2380   0
2381   7
2382   5
2383   0
2384   7
2385   7
2386   7
2387   7
2388   7
2389   7
2390   6
2391   3
2392   7
2393   7
2394   5
2395   7
2396   7
2397   7
2398   5
2399   7
2400   0
2401   7
2402   7
2403   5
2404   7
2405   7
2406   7
2407   7
2408   7
2409   7
2410   5
2411   0
2412   0
2413   2
2414   7
2415   4
2416   7
2417   7
2418   6
2419   7
2420   7
2421   7
2422   7
2423   7
2424   0
2425   6
2426   7
2427   6
2428   2
2429   7
2430   0
2431   7
2432   7
2433   7
2434   7
2435   7
2436   7
2437   7
2438   7
2439   6
2440   7
2441   3
2442   7
2443   0
2444   7
2445   7
2446   7
2447   0
2448   0
2449   7
2450   7
2451   7
2452   0
2453   7
2454   1
2455   7
2456   0
2457   0
2458   0
2459   0
2460   6
2461   1
2462   7
2463   0
2464   0
2465   3
2466   7
2467   6
2468   7
2469   7
2470   2
2471   7
2472   7
2473   7
2474   7
2475   7
2476   4
2477   7
2478   6
2479   7
2480   5
2481   6
2482   4
2483   6
2484   7
2485   2
2486   1
2487   4
2488   7
2489   7
2490   7
2491   7
2492   0
2493   6
2494   7
2495   5
2496   7
2497   7
2498   7
2499   7
2500   7
2501   7
2502   7
2503   7
2504   5
2505   2
2506   7
2507   6
2508   7
2509   7
2510   7
2511   2
2512   7
2513   7
2514   7
2515   3
2516   7
2517   7
2518   7
2519   7
2520   5
2521   7
2522   7
2523   7
2524   4
2525   7
2526   7
2527   5
2528   3
2529   7
2530   5
2531   7
2532   7
2533   7
2534   7
2535   7
2536   7
2537   7
2538   7
2539   5
2540   7
2541   6
2542   7
2543   4
2544   7
2545   7
2546   7
2547   0
2548   7
2549   7
2550   7
2551   5
2552   0
2553   1
2554   7
2555   7
2556   7
2557   7
2558   5
2559   7
2560   6
2561   5
2562   7
2563   7
2564   4
2565   7
2566   3
2567   7
2568   5
2569   1
2570   4
2571   4
2572   4
2573   7
2574   0
2575   4
2576   3
2577   2
2578   7
2579   5
2580   2
2581   4
2582   4
2583   4
2584   0
2585   0
2586   4
2587   0
2588   3
2589   7
2590   0
2591   0
2592   5
2593   7
2594   7
2595   7
2596   4
2597   4
2598   7
2599   7
2600   7
2601   4
2602   4
2603   7
2604   7
2605   7
2606   6
2607   5
2608   7
2609   6
2610   7
2611   7
2612   0
2613   7
2614   7
2615   7
2616   3
2617   6
2618   7
2619   7
2620   3
2621   7
2622   4
2623   7
2624   0
2625   1
2626   1
2627   0
2628   0
2629   0
2630   1
2631   7
2632   7
2633   7
2634   0
2635   7
2636   0
2637   0
2638   2
2639   7
2640   0
2641   7
2642   4
2643   0
2644   0
2645   7
2646   7
2647   6
2648   4
2649   7
2650   7
2651   7
2652   0
2653   6
2654   6
2655   7
2656   4
2657   5
2658   4
2659   0
2660   4
2661   4
2662   3
2663   7
2664   4
2665   1
2666   4
2667   0
2668   7
2669   3
2670   7
2671   7
2672   4
2673   0
2674   0
2675   7
2676   4
2677   3
2678   5
2679   7
2680   7
2681   7
2682   7
2683   7
2684   7
2685   7
2686   7
2687   7
2688   7
2689   7
2690   2
2691   7
2692   7
2693   7
2694   7
2695   7
2696   0
2697   7
2698   0
2699   7
2700   7
2701   7
2702   4
2703   7
2704   0
2705   0
2706   7
2707   5
2708   0
2709   4
2710   5
2711   7
2712   0
2713   4
2714   1
2715   7
2716   3
2717   4
2718   4
2719   2
2720   0
2721   4
2722   4
2723   4
2724   7
2725   0
2726   7
2727   4
2728   4
2729   1
2730   0
2731   4
2732   4
2733   0
2734   4
2735   1
2736   0
2737   3
2738   7
2739   6
2740   4
2741   5
2742   2
2743   7
2744   4
2745   4
2746   4
2747   4
2748   7
2749   6
2750   4
2751   4
2752   4
2753   1
2754   6
2755   2
2756   4
2757   7
2758   7
2759   5
2760   4
2761   0
2762   0
2763   0
2764   4
2765   7
2766   7
2767   0
2768   1
2769   0
2770   0
2771   0
2772   4
2773   4
2774   7
2775   7
2776   3
2777   7
2778   4
2779   2
2780   0
2781   4
2782   4
2783   0
2784   2
2785   4
2786   5
2787   4
2788   7
2789   4
2790   6
2791   4
2792   4
2793   7
2794   5
2795   0
2796   4
2797   0
2798   2
2799   1
2800   7
2801   5
2802   1
2803   7
2804   1
2805   7
2806   7
2807   7
2808   7
2809   7
2810   5
2811   6
2812   1
2813   4
2814   7
2815   7
2816   7
2817   7
2818   7
2819   7
2820   6
2821   7
2822   6
2823   7
2824   4
2825   7
2826   3
2827   7
2828   0
2829   4
2830   7
2831   7
2832   7
2833   5
2834   7
2835   4
2836   6
2837   7
2838   7
2839   7
2840   6
2841   4
2842   7
2843   1
2844   6
2845   7
2846   7
2847   4
2848   7
2849   4
2850   4
2851   0
2852   1
2853   0
2854   6
2855   6
2856   7
2857   4
2858   4
2859   6
2860   7
2861   7
2862   2
2863   6
2864   4
2865   4
2866   7
2867   7
2868   7
2869   7
2870   0
2871   7
2872   0
2873   2
2874   6
2875   6
2876   4
2877   7
2878   1
2879   2
2880   6
2881   7
2882   7
2883   7
2884   7
2885   7
2886   7
2887   6
2888   7
2889   7
2890   6
2891   7
2892   6
2893   7
2894   6
2895   7
2896   5
2897   7
2898   4
2899   7
2900   7
2901   7
2902   7
2903   7
2904   7
2905   7
2906   7
2907   7
2908   7
2909   7
2910   7
2911   7
2912   7
2913   6
2914   0
2915   5
2916   6
2917   4
2918   2
2919   7
2920   0
2921   4
2922   2
2923   4
2924   6
2925   7
2926   7
2927   4
2928   6
2929   6
2930   7
2931   0
2932   0
2933   7
2934   1
2935   6
2936   7
2937   4
2938   4
2939   5
2940   6
2941   7
2942   7
2943   7
2944   7
2945   7
2946   7
2947   7
2948   4
2949   7
2950   6
2951   6
2952   7
2953   7
2954   7
2955   7
2956   0
2957   7
2958   7
2959   4
2960   4
2961   7
2962   7
2963   6
2964   4
2965   7
2966   7
2967   4
2968   7
2969   6
2970   6
2971   5
2972   7
2973   4
2974   4
2975   3
2976   6
2977   7
2978   7
2979   7
2980   5
2981   7
2982   6
2983   7
2984   7
2985   6
2986   6
2987   7
2988   7
2989   7
2990   7
2991   7
2992   4
2993   7
2994   7
2995   4
2996   4
2997   6
2998   6
2999   4
3000   4
3001   4
3002   5
3003   4
3004   7
3005   7
3006   4
3007   6
3008   7
3009   7
3010   7
3011   7
3012   7
3013   7
3014   6
3015   7
3016   4
3017   7
3018   7
3019   2
3020   3
3021   7
3022   4
3023   7
3024   5
3025   7
3026   7
3027   7
3028   7
3029   4
3030   7
3031   7
3032   0
3033   2
3034   4
3035   4
3036   5
3037   4
3038   2
3039   0
3040   3
3041   6
3042   4
3043   6
3044   7
3045   5
3046   4
3047   5
3048   7
3049   7
3050   7
3051   7
3052   7
3053   6
3054   7
3055   3
3056   4
3057   7
3058   4
3059   5
3060   4
3061   4
3062   4
3063   7
3064   4
3065   3
3066   0
3067   4
3068   4
3069   4
3070   3
3071   7
3072   4
3073   4
3074   4
3075   4
3076   4
3077   4
3078   4
3079   4
3080   4
3081   4
3082   4
3083   4
3084   4
3085   1
3086   6
3087   4
3088   4
3089   4
3090   0
3091   4
3092   4
3093   7
3094   7
3095   4
3096   7
3097   3
3098   7
3099   4
3100   4
3101   7
3102   4
3103   7
3104   4
3105   7
3106   4
3107   4
3108   0
3109   0
3110   4
3111   4
3112   7
3113   5
3114   4
3115   7
3116   5
3117   7
3118   7
3119   7
3120   7
3121   7
3122   5
3123   0
3124   5
3125   6
3126   4
3127   4
3128   0
3129   0
3130   4
3131   4
3132   5
3133   0
3134   3
3135   7
3136   7
3137   4
3138   0
3139   5
3140   4
3141   0
3142   4
3143   7
3144   1
3145   4
3146   7
3147   0
3148   4
3149   7
3150   4
3151   7
3152   4
3153   3
3154   4
3155   7
3156   5
3157   0
3158   0
3159   4
3160   4
3161   0
3162   4
3163   1
3164   2
3165   0
3166   0
3167   0
3168   4
3169   0
3170   6
3171   7
3172   7
3173   0
3174   5
3175   7
3176   0
3177   0
3178   4
3179   7
3180   7
3181   7
3182   0
3183   4
3184   1
3185   0
3186   6
3187   4
3188   7
3189   0
3190   7
3191   0
3192   4
3193   4
3194   7
3195   0
3196   2
3197   4
3198   7
3199   7
3200   4
3201   4
3202   4
3203   4
3204   4
3205   4
3206   4
3207   7
3208   4
3209   4
3210   4
3211   4
3212   4
3213   4
3214   1
3215   4
3216   0
3217   4
3218   0
3219   7
3220   7
3221   0
3222   7
3223   3
3224   7
3225   4
3226   4
3227   4
3228   4
3229   4
3230   4
3231   7
3232   4
3233   7
3234   4
3235   4
3236   0
3237   0
3238   4
3239   4
3240   7
3241   4
3242   4
3243   4
3244   4
3245   7
3246   4
3247   7
3248   0
3249   7
3250   2
3251   0
3252   4
3253   4
3254   4
3255   6
3256   6
3257   7
3258   7
3259   4
3260   7
3261   7
3262   4
3263   7
3264   4
3265   4
3266   4
3267   4
3268   0
3269   0
3270   0
3271   0
3272   7
3273   7
3274   4
3275   4
3276   0
3277   4
3278   0
3279   4
3280   7
3281   4
3282   1
3283   7
3284   5
3285   7
3286   6
3287   4
3288   5
3289   4
3290   4
3291   3
3292   7
3293   6
3294   2
3295   0
3296   7
3297   4
3298   6
3299   2
3300   1
3301   7
3302   7
3303   7
3304   4
3305   2
3306   4
3307   4
3308   6
3309   7
3310   7
3311   7
3312   7
3313   6
3314   7
3315   7
3316   7
3317   7
3318   7
3319   6
3320   7
3321   7
3322   4
3323   0
3324   7
3325   0
3326   7
3327   4
3328   1
3329   7
3330   0
3331   6
3332   4
3333   7
3334   4
3335   7
3336   6
3337   5
3338   0
3339   7
3340   4
3341   0
3342   6
3343   4
3344   2
3345   0
3346   4
3347   0
3348   4
3349   4
3350   0
3351   7
3352   4
3353   6
3354   7
3355   7
3356   7
3357   0
3358   7
3359   3
3360   4
3361   1
3362   6
3363   0
3364   6
3365   4
3366   2
3367   4
3368   0
3369   7
3370   0
3371   3
3372   4
3373   5
3374   4
3375   0
3376   4
3377   7
3378   4
3379   6
3380   7
3381   7
3382   7
3383   3
3384   7
3385   1
3386   4
3387   7
3388   4
3389   4
3390   4
3391   4
3392   4
3393   4
3394   6
3395   3
3396   4
3397   4
3398   0
3399   0
3400   4
3401   3
3402   4
3403   0
3404   4
3405   5
3406   4
3407   4
3408   0
3409   0
3410   1
3411   4
3412   0
3413   0
3414   0
3415   4
3416   7
3417   5
3418   4
3419   0
3420   3
3421   7
3422   7
3423   7
3424   4
3425   4
3426   7
3427   0
3428   3
3429   4
3430   7
3431   7
3432   5
3433   5
3434   4
3435   1
3436   4
3437   4
3438   7
3439   4
3440   7
3441   4
3442   0
3443   1
3444   5
3445   0
3446   4
3447   5
3448   0
3449   5
3450   7
3451   7
3452   2
3453   1
3454   4
3455   4
3456   4
3457   7
3458   5
3459   6
3460   0
3461   0
3462   4
3463   4
3464   5
3465   0
3466   4
3467   4
3468   4
3469   4
3470   0
3471   0
3472   6
3473   7
3474   7
3475   4
3476   4
3477   7
3478   5
3479   0
3480   4
3481   2
3482   6
3483   4
3484   7
3485   6
3486   0
3487   0
3488   0
3489   7
3490   7
3491   0
3492   3
3493   6
3494   6
3495   1
3496   0
3497   6
3498   7
3499   7
3500   0
3501   7
3502   0
3503   7
3504   4
3505   0
3506   4
3507   0
3508   6
3509   7
3510   2
3511   4
3512   3
3513   4
3514   4
3515   0
3516   7
3517   7
3518   4
3519   0
3520   0
3521   0
3522   2
3523   4
3524   7
3525   0
3526   6
3527   1
3528   0
3529   3
3530   0
3531   4
3532   4
3533   3
3534   6
3535   0
3536   7
3537   7
3538   0
3539   5
3540   4
3541   6
3542   1
3543   7
3544   6
3545   0
3546   3
3547   1
3548   7
3549   7
3550   7
3551   7
3552   1
3553   7
3554   7
3555   0
3556   6
3557   7
3558   0
3559   7
3560   5
3561   5
3562   6
3563   0
3564   6
3565   7
3566   2
3567   6
3568   7
3569   5
3570   0
3571   6
3572   7
3573   7
3574   6
3575   4
3576   0
3577   2
3578   6
3579   7
3580   6
3581   0
3582   3
3583   1
3584   4
3585   1
3586   5
3587   1
3588   4
3589   6
3590   7
3591   4
3592   1
3593   4
3594   0
3595   0
3596   7
3597   4
3598   6
3599   7
3600   5
3601   7
3602   4
3603   6
3604   7
3605   4
3606   7
3607   6
3608   0
3609   5
3610   3
3611   4
3612   7
3613   0
3614   6
3615   3
3616   7
3617   4
3618   4
3619   7
3620   4
3621   4
3622   0
3623   4
3624   4
3625   7
3626   1
3627   7
3628   7
3629   4
3630   0
3631   4
3632   0
3633   0
3634   4
3635   7
3636   7
3637   0
3638   4
3639   7
3640   0
3641   0
3642   0
3643   4
3644   5
3645   6
3646   0
3647   7
3648   0
3649   6
3650   3
3651   0
3652   5
3653   0
3654   1
3655   4
3656   7
3657   7
3658   7
3659   3
3660   6
3661   1
3662   6
3663   6
3664   5
3665   0
3666   7
3667   0
3668   0
3669   4
3670   6
3671   7
3672   0
3673   0
3674   7
3675   0
3676   4
3677   3
3678   7
3679   1
3680   1
3681   4
3682   4
3683   5
3684   1
3685   4
3686   4
3687   4
3688   4
3689   4
3690   7
3691   0
3692   5
3693   4
3694   5
3695   0
3696   7
3697   3
3698   7
3699   7
3700   5
3701   4
3702   7
3703   4
3704   5
3705   4
3706   4
3707   4
3708   3
3709   3
3710   4
3711   7
3712   6
3713   4
3714   4
3715   4
3716   4
3717   1
3718   6
3719   7
3720   7
3721   0
3722   7
3723   4
3724   6
3725   7
3726   2
3727   6
3728   0
3729   0
3730   4
3731   0
3732   6
3733   4
3734   4
3735   4
3736   7
3737   5
3738   7
3739   2
3740   3
3741   4
3742   4
3743   0
3744   4
3745   0
3746   0
3747   0
3748   4
3749   4
3750   4
3751   5
3752   4
3753   4
3754   2
3755   0
3756   4
3757   4
3758   4
3759   4
3760   5
3761   4
3762   4
3763   3
3764   4
3765   7
3766   4
3767   7
3768   7
3769   4
3770   7
3771   7
3772   7
3773   6
3774   0
3775   4
3776   0
3777   5
3778   4
3779   7
3780   6
3781   0
3782   6
3783   4
3784   7
3785   0
3786   7
3787   7
3788   7
3789   0
3790   4
3791   7
3792   5
3793   4
3794   7
3795   4
3796   4
3797   4
3798   5
3799   7
3800   4
3801   4
3802   4
3803   5
3804   5
3805   1
3806   0
3807   4
3808   3
3809   0
3810   7
3811   0
3812   7
3813   0
3814   6
3815   4
3816   6
3817   7
3818   5
3819   4
3820   4
3821   7
3822   4
3823   4
3824   4
3825   4
3826   3
3827   7
3828   4
3829   4
3830   1
3831   4
3832   0
3833   7
3834   5
3835   6
3836   4
3837   7
3838   7
3839   0
3840   7
3841   4
3842   4
3843   4
3844   5
3845   6
3846   7
3847   4
3848   4
3849   4
3850   2
3851   4
3852   1
3853   4
3854   4
3855   4
3856   7
3857   4
3858   5
3859   6
3860   4
3861   0
3862   4
3863   0
3864   4
3865   6
3866   4
3867   4
3868   6
3869   0
3870   6
3871   4
3872   4
3873   4
3874   5
3875   4
3876   7
3877   4
3878   7
3879   7
3880   6
3881   7
3882   7
3883   4
3884   4
3885   4
3886   4
3887   5
3888   6
3889   4
3890   3
3891   3
3892   7
3893   4
3894   7
3895   4
3896   4
3897   5
3898   4
3899   2
3900   4
3901   4
3902   4
3903   5
3904   0
3905   2
3906   5
3907   4
3908   7
3909   4
3910   4
3911   5
3912   4
3913   4
3914   4
3915   4
3916   6
3917   7
3918   1
3919   4
3920   4
3921   0
3922   2
3923   4
3924   4
3925   3
3926   4
3927   7
3928   4
3929   1
3930   2
3931   4
3932   6
3933   6
3934   7
3935   7
3936   4
3937   7
3938   1
3939   6
3940   4
3941   4
3942   4
3943   2
3944   4
3945   5
3946   4
3947   4
3948   5
3949   5
3950   4
3951   4
3952   5
3953   4
3954   0
3955   4
3956   7
3957   6
3958   4
3959   4
3960   4
3961   7
3962   6
3963   4
3964   4
3965   4
3966   3
3967   4
3968   4
3969   4
3970   5
3971   4
3972   2
3973   4
3974   4
3975   5
3976   6
3977   4
3978   6
3979   4
3980   4
3981   7
3982   4
3983   4
3984   4
3985   4
3986   6
3987   4
3988   6
3989   7
3990   4
3991   6
3992   4
3993   6
3994   5
3995   0
3996   6
3997   4
3998   6
3999   3
4000   4
4001   4
4002   4
4003   2
4004   6
4005   3
4006   7
4007   4
4008   7
4009   4
4010   4
4011   4
4012   4
4013   4
4014   7
4015   7
4016   7
4017   4
4018   6
4019   7
4020   6
4021   4
4022   4
4023   5
4024   0
4025   7
4026   4
4027   4
4028   6
4029   0
4030   7
4031   4
4032   4
4033   4
4034   4
4035   3
4036   7
4037   4
4038   4
4039   4
4040   7
4041   7
4042   7
4043   5
4044   7
4045   7
4046   3
4047   4
4048   7
4049   7
4050   4
4051   4
4052   7
4053   7
4054   6
4055   7
4056   7
4057   7
4058   4
4059   7
4060   4
4061   4
4062   6
4063   5
4064   7
4065   3
4066   7
4067   5
4068   2
4069   0
4070   4
4071   4
4072   5
4073   7
4074   7
4075   4
4076   4
4077   3
4078   7
4079   4
4080   3
4081   5
4082   3
4083   4
4084   4
4085   4
4086   5
4087   4
4088   2
4089   6
4090   4
4091   4
4092   4
4093   4
4094   4
4095   4
