COMMAND
./sim gshare 7 2 jpeg_trace.txt
OUTPUT
number of predictions:		2000000
number of mispredictions:	168113
misprediction rate:		8.41%
FINAL GSHARE CONTENTS
0   6
1   2
2   5
3   7
4   6
5   5
6   7
7   1
8   7
9   0
10   2
11   0
12   0
13   0
14   0
15   0
16   7
17   7
18   7
19   6
20   4
21   0
22   0
23   4
24   0
25   7
26   6
27   0
28   7
29   0
30   7
31   7
32   7
33   0
34   7
35   0
36   6
37   7
38   7
39   6
40   5
41   7
42   7
43   7
44   5
45   3
46   7
47   7
48   7
49   0
50   7
51   0
52   0
53   0
54   6
55   7
56   7
57   7
58   1
59   1
60   7
61   7
62   7
63   7
64   0
65   7
66   0
67   7
68   1
69   5
70   7
71   6
72   0
73   6
74   7
75   0
76   7
77   3
78   7
79   5
80   0
81   7
82   0
83   7
84   0
85   0
86   0
87   0
88   5
89   1
90   7
91   0
92   1
93   0
94   0
95   0
96   1
97   0
98   5
99   0
100   6
101   7
102   5
103   7
104   5
105   6
106   0
107   3
108   6
109   0
110   1
111   0
112   7
113   6
114   3
115   7
116   5
117   0
118   0
119   7
120   0
121   0
122   7
123   0
124   0
125   6
126   6
127   0
