COMMAND
./sim gshare 7 4 jpeg_trace.txt
OUTPUT
number of predictions:		2000000
number of mispredictions:	173016
misprediction rate:		8.65%
FINAL GSHARE CONTENTS
0   0
1   6
2   6
3   0
4   0
5   0
6   0
7   7
8   6
9   7
10   7
11   2
12   2
13   7
14   6
15   7
16   4
17   7
18   2
19   1
20   2
21   7
22   7
23   7
24   6
25   5
26   0
27   3
28   7
29   7
30   7
31   7
32   0
33   1
34   1
35   6
36   7
37   7
38   7
39   7
40   6
41   7
42   7
43   6
44   7
45   7
46   4
47   7
48   7
49   7
50   6
51   7
52   7
53   2
54   7
55   7
56   1
57   5
58   0
59   7
60   7
61   0
62   0
63   0
64   0
65   1
66   0
67   7
68   7
69   7
70   0
71   2
72   7
73   0
74   7
75   4
76   0
77   7
78   6
79   0
80   0
81   0
82   7
83   0
84   0
85   0
86   4
87   5
88   0
89   7
90   0
91   0
92   0
93   0
94   0
95   5
96   7
97   0
98   0
99   0
100   7
101   3
102   6
103   7
104   0
105   0
106   7
107   5
108   6
109   7
110   0
111   6
112   0
113   4
114   0
115   0
116   6
117   7
118   5
119   5
120   0
121   7
122   0
123   0
124   7
125   6
126   2
127   7
