COMMAND
./sim gshare 7 6 jpeg_trace.txt
OUTPUT
number of predictions:		2000000
number of mispredictions:	189862
misprediction rate:		9.49%
FINAL GSHARE CONTENTS
0   1
1   1
2   7
3   7
4   7
5   3
6   7
7   7
8   6
9   7
10   7
11   0
12   7
13   7
14   7
15   7
16   1
17   7
18   7
19   7
20   7
21   7
22   7
23   1
24   6
25   6
26   7
27   7
28   7
29   7
30   0
31   6
32   1
33   7
34   2
35   6
36   2
37   0
38   0
39   7
40   1
41   0
42   4
43   6
44   4
45   7
46   7
47   0
48   7
49   7
50   0
51   2
52   7
53   6
54   6
55   7
56   6
57   7
58   5
59   7
60   7
61   7
62   7
63   7
64   0
65   7
66   0
67   6
68   1
69   7
70   6
71   7
72   7
73   7
74   0
75   3
76   7
77   6
78   7
79   7
80   1
81   5
82   7
83   3
84   0
85   0
86   2
87   0
88   7
89   7
90   0
91   7
92   0
93   7
94   7
95   0
96   0
97   0
98   0
99   5
100   0
101   6
102   6
103   0
104   7
105   6
106   0
107   5
108   0
109   7
110   0
111   0
112   1
113   3
114   1
115   7
116   6
117   0
118   0
119   1
120   2
121   0
122   0
123   0
124   0
125   0
126   6
127   0
