COMMAND
./sim gshare 8 2 jpeg_trace.txt
OUTPUT
number of predictions:		2000000
number of mispredictions:	160803
misprediction rate:		8.04%
FINAL GSHARE CONTENTS
0   5
1   1
2   5
3   7
4   6
5   5
6   7
7   1
8   7
9   0
10   0
11   0
12   0
13   0
14   0
15   0
16   5
17   6
18   7
19   7
20   4
21   0
22   0
23   4
24   0
25   7
26   6
27   0
28   5
29   0
30   6
31   7
32   7
33   0
34   7
35   0
36   6
37   7
38   7
39   7
40   5
41   7
42   7
43   7
44   5
45   2
46   0
47   7
48   7
49   0
50   7
51   0
52   0
53   7
54   6
55   7
56   7
57   7
58   5
59   6
60   7
61   6
62   7
63   6
64   2
65   7
66   0
67   7
68   6
69   7
70   7
71   4
72   7
73   7
74   7
75   7
76   7
77   4
78   1
79   6
80   0
81   0
82   0
83   7
84   1
85   0
86   6
87   0
88   7
89   5
90   6
91   6
92   1
93   6
94   2
95   0
96   6
97   0
98   7
99   0
100   7
101   0
102   1
103   6
104   6
105   0
106   0
107   5
108   6
109   0
110   3
111   0
112   6
113   0
114   7
115   7
116   0
117   0
118   0
119   0
120   7
121   7
122   7
123   1
124   0
125   7
126   7
127   0
128   7
129   7
130   7
131   7
132   3
133   7
134   6
135   7
136   7
137   2
138   6
139   7
140   7
141   7
142   6
143   7
144   7
145   7
146   7
147   6
148   6
149   7
150   7
151   7
152   7
153   6
154   6
155   7
156   7
157   2
158   7
159   6
160   0
161   7
162   2
163   7
164   1
165   7
166   7
167   6
168   3
169   7
170   7
171   0
172   1
173   2
174   7
175   3
176   7
177   0
178   0
179   0
180   0
181   0
182   7
183   6
184   1
185   0
186   3
187   1
188   5
189   6
190   7
191   7
192   0
193   7
194   6
195   7
196   1
197   0
198   7
199   7
200   0
201   6
202   7
203   0
204   7
205   2
206   7
207   6
208   0
209   7
210   6
211   7
212   0
213   0
214   0
215   0
216   1
217   0
218   7
219   0
220   1
221   0
222   2
223   7
224   0
225   0
226   5
227   0
228   6
229   7
230   7
231   7
232   6
233   6
234   4
235   0
236   1
237   0
238   0
239   0
240   7
241   6
242   3
243   7
244   5
245   6
246   0
247   7
248   0
249   0
250   7
251   0
252   7
253   4
254   6
255   0
