COMMAND
./sim gshare 8 4 jpeg_trace.txt
OUTPUT
number of predictions:		2000000
number of mispredictions:	163981
misprediction rate:		8.20%
FINAL GSHARE CONTENTS
0   0
1   6
2   6
3   0
4   0
5   0
6   0
7   7
8   6
9   7
10   7
11   2
12   2
13   7
14   7
15   7
16   0
17   4
18   0
19   0
20   0
21   7
22   7
23   3
24   6
25   5
26   0
27   3
28   1
29   0
30   7
31   7
32   0
33   1
34   0
35   6
36   7
37   7
38   7
39   7
40   6
41   7
42   7
43   0
44   7
45   7
46   6
47   1
48   7
49   7
50   6
51   7
52   7
53   1
54   7
55   7
56   1
57   6
58   0
59   7
60   6
61   7
62   0
63   0
64   3
65   0
66   7
67   7
68   7
69   7
70   0
71   4
72   7
73   7
74   7
75   3
76   2
77   7
78   6
79   0
80   7
81   5
82   6
83   0
84   4
85   5
86   4
87   4
88   0
89   0
90   1
91   6
92   0
93   1
94   0
95   5
96   7
97   0
98   0
99   6
100   7
101   7
102   7
103   7
104   0
105   0
106   0
107   0
108   0
109   6
110   0
111   7
112   0
113   7
114   0
115   0
116   0
117   7
118   0
119   7
120   7
121   7
122   7
123   0
124   5
125   0
126   0
127   0
128   7
129   6
130   5
131   7
132   7
133   7
134   0
135   7
136   7
137   7
138   6
139   7
140   7
141   2
142   6
143   7
144   7
145   7
146   7
147   7
148   7
149   7
150   7
151   7
152   0
153   7
154   0
155   7
156   7
157   7
158   7
159   6
160   3
161   1
162   3
163   6
164   0
165   1
166   5
167   7
168   7
169   7
170   7
171   6
172   7
173   7
174   5
175   7
176   2
177   0
178   1
179   1
180   3
181   2
182   7
183   7
184   0
185   6
186   0
187   0
188   7
189   0
190   1
191   0
192   0
193   7
194   0
195   7
196   7
197   3
198   7
199   1
200   7
201   0
202   6
203   7
204   0
205   6
206   5
207   5
208   0
209   0
210   7
211   1
212   0
213   0
214   4
215   5
216   0
217   7
218   0
219   0
220   0
221   0
222   0
223   0
224   7
225   0
226   7
227   0
228   7
229   0
230   5
231   7
232   0
233   7
234   7
235   6
236   6
237   7
238   7
239   6
240   1
241   4
242   1
243   0
244   7
245   7
246   7
247   4
248   0
249   7
250   0
251   0
252   7
253   6
254   7
255   7
