COMMAND
./sim gshare 8 6 jpeg_trace.txt
OUTPUT
number of predictions:		2000000
number of mispredictions:	176351
misprediction rate:		8.82%
FINAL GSHARE CONTENTS
0   1
1   2
2   0
3   7
4   7
5   1
6   7
7   7
8   6
9   1
10   7
11   0
12   7
13   7
14   7
15   0
16   1
17   7
18   7
19   7
20   7
21   7
22   7
23   0
24   6
25   7
26   7
27   7
28   6
29   7
30   0
31   1
32   1
33   7
34   2
35   6
36   2
37   0
38   0
39   7
40   1
41   0
42   4
43   5
44   4
45   1
46   7
47   0
48   7
49   0
50   0
51   2
52   7
53   6
54   0
55   7
56   6
57   7
58   5
59   7
60   7
61   7
62   7
63   7
64   7
65   7
66   0
67   6
68   4
69   7
70   7
71   0
72   7
73   7
74   0
75   3
76   7
77   6
78   0
79   0
80   4
81   7
82   6
83   3
84   7
85   0
86   0
87   7
88   0
89   6
90   7
91   0
92   0
93   6
94   7
95   6
96   7
97   0
98   0
99   7
100   0
101   7
102   7
103   4
104   0
105   6
106   0
107   4
108   4
109   2
110   1
111   5
112   0
113   3
114   3
115   7
116   0
117   0
118   0
119   0
120   0
121   0
122   0
123   0
124   0
125   0
126   0
127   0
128   3
129   1
130   7
131   7
132   1
133   4
134   4
135   7
136   7
137   7
138   7
139   7
140   6
141   6
142   7
143   7
144   0
145   7
146   7
147   7
148   7
149   7
150   7
151   6
152   0
153   6
154   7
155   7
156   7
157   7
158   7
159   7
160   7
161   3
162   7
163   6
164   7
165   7
166   7
167   7
168   0
169   7
170   7
171   7
172   7
173   7
174   7
175   6
176   7
177   7
178   7
179   6
180   7
181   7
182   7
183   7
184   7
185   7
186   7
187   7
188   7
189   7
190   7
191   7
192   0
193   7
194   7
195   7
196   1
197   7
198   6
199   7
200   5
201   7
202   0
203   7
204   7
205   5
206   7
207   7
208   1
209   4
210   7
211   4
212   0
213   0
214   7
215   0
216   7
217   7
218   0
219   7
220   0
221   7
222   7
223   0
224   0
225   3
226   0
227   1
228   3
229   5
230   1
231   0
232   7
233   0
234   0
235   7
236   0
237   7
238   0
239   0
240   3
241   0
242   1
243   7
244   6
245   6
246   3
247   1
248   3
249   0
250   3
251   7
252   0
253   1
254   6
255   0
