COMMAND
./sim gshare 8 8 jpeg_trace.txt
OUTPUT
number of predictions:		2000000
number of mispredictions:	181377
misprediction rate:		9.07%
FINAL GSHARE CONTENTS
0   7
1   0
2   7
3   7
4   7
5   7
6   0
7   7
8   0
9   6
10   6
11   4
12   0
13   0
14   7
15   7
16   7
17   6
18   0
19   6
20   2
21   7
22   7
23   1
24   7
25   7
26   3
27   7
28   7
29   7
30   2
31   7
32   6
33   7
34   7
35   7
36   0
37   7
38   5
39   0
40   6
41   7
42   7
43   1
44   7
45   7
46   5
47   7
48   5
49   0
50   7
51   4
52   7
53   7
54   6
55   7
56   0
57   0
58   3
59   0
60   7
61   0
62   7
63   7
64   0
65   0
66   7
67   1
68   1
69   0
70   7
71   0
72   7
73   6
74   7
75   7
76   0
77   7
78   0
79   7
80   7
81   7
82   7
83   6
84   6
85   7
86   0
87   4
88   7
89   1
90   0
91   7
92   7
93   5
94   0
95   0
96   7
97   7
98   6
99   7
100   7
101   7
102   7
103   7
104   6
105   6
106   0
107   0
108   5
109   7
110   0
111   4
112   6
113   7
114   4
115   0
116   6
117   7
118   7
119   7
120   7
121   6
122   7
123   7
124   6
125   6
126   7
127   7
128   7
129   7
130   7
131   7
132   7
133   7
134   7
135   7
136   7
137   7
138   7
139   6
140   7
141   7
142   1
143   7
144   7
145   7
146   7
147   7
148   0
149   7
150   0
151   0
152   7
153   6
154   4
155   7
156   4
157   3
158   4
159   3
160   0
161   7
162   0
163   1
164   0
165   0
166   0
167   7
168   0
169   0
170   2
171   7
172   0
173   7
174   7
175   5
176   0
177   0
178   7
179   0
180   7
181   7
182   0
183   6
184   5
185   6
186   5
187   7
188   1
189   7
190   6
191   0
192   1
193   3
194   0
195   7
196   7
197   7
198   7
199   7
200   5
201   5
202   7
203   6
204   7
205   7
206   4
207   2
208   0
209   7
210   6
211   7
212   7
213   7
214   7
215   7
216   4
217   1
218   7
219   5
220   0
221   6
222   6
223   0
224   6
225   1
226   7
227   7
228   7
229   7
230   7
231   7
232   7
233   7
234   7
235   5
236   5
237   6
238   1
239   4
240   7
241   7
242   7
243   0
244   7
245   7
246   7
247   5
248   6
249   1
250   7
251   7
252   7
253   2
254   1
255   6
