COMMAND
./sim gshare 9 2 jpeg_trace.txt
OUTPUT
number of predictions:		2000000
number of mispredictions:	158797
misprediction rate:		7.94%
FINAL GSHARE CONTENTS
0   6
1   1
2   7
3   7
4   0
5   7
6   7
7   7
8   6
9   4
10   0
11   6
12   0
13   7
14   0
15   2
16   1
17   7
18   7
19   7
20   7
21   5
22   6
23   6
24   0
25   6
26   0
27   7
28   7
29   4
30   7
31   3
32   7
33   6
34   7
35   4
36   6
37   7
38   7
39   3
40   1
41   7
42   6
43   7
44   7
45   5
46   0
47   7
48   5
49   5
50   7
51   1
52   7
53   0
54   7
55   7
56   4
57   4
58   6
59   5
60   0
61   6
62   7
63   4
64   2
65   7
66   0
67   0
68   6
69   7
70   6
71   0
72   7
73   7
74   7
75   7
76   7
77   6
78   6
79   7
80   6
81   7
82   0
83   7
84   1
85   0
86   0
87   0
88   7
89   7
90   7
91   6
92   1
93   7
94   3
95   0
96   7
97   0
98   7
99   0
100   7
101   0
102   7
103   6
104   0
105   0
106   0
107   0
108   2
109   0
110   2
111   0
112   6
113   6
114   7
115   7
116   0
117   0
118   0
119   0
120   7
121   7
122   7
123   7
124   0
125   7
126   7
127   0
128   1
129   7
130   5
131   5
132   3
133   7
134   5
135   4
136   6
137   6
138   5
139   7
140   7
141   7
142   6
143   7
144   7
145   7
146   7
147   6
148   6
149   7
150   4
151   7
152   7
153   6
154   5
155   7
156   0
157   6
158   1
159   7
160   0
161   7
162   0
163   6
164   0
165   6
166   7
167   6
168   6
169   3
170   7
171   0
172   1
173   5
174   7
175   4
176   7
177   0
178   0
179   0
180   0
181   0
182   7
183   6
184   1
185   0
186   7
187   6
188   2
189   1
190   7
191   7
192   0
193   7
194   5
195   7
196   7
197   0
198   7
199   7
200   0
201   6
202   7
203   0
204   0
205   5
206   7
207   6
208   0
209   1
210   6
211   7
212   0
213   0
214   0
215   0
216   7
217   7
218   7
219   0
220   7
221   1
222   4
223   7
224   0
225   7
226   5
227   0
228   1
229   7
230   0
231   7
232   6
233   0
234   0
235   0
236   7
237   0
238   0
239   2
240   6
241   0
242   3
243   6
244   5
245   7
246   5
247   7
248   0
249   0
250   7
251   0
252   2
253   4
254   6
255   0
256   6
257   1
258   4
259   0
260   6
261   5
262   7
263   1
264   7
265   0
266   3
267   0
268   1
269   0
270   0
271   0
272   6
273   1
274   7
275   3
276   3
277   0
278   0
279   4
280   0
281   7
282   6
283   0
284   2
285   0
286   6
287   7
288   7
289   0
290   7
291   0
292   7
293   6
294   7
295   7
296   7
297   7
298   7
299   1
300   5
301   1
302   0
303   7
304   7
305   0
306   5
307   0
308   0
309   7
310   6
311   7
312   7
313   7
314   5
315   5
316   7
317   7
318   7
319   6
320   3
321   7
322   6
323   7
324   7
325   6
326   4
327   7
328   6
329   7
330   5
331   7
332   2
333   5
334   0
335   2
336   0
337   0
338   4
339   7
340   6
341   5
342   7
343   6
344   7
345   5
346   0
347   6
348   0
349   3
350   0
351   0
352   5
353   4
354   6
355   0
356   1
357   0
358   0
359   7
360   7
361   2
362   7
363   7
364   6
365   0
366   6
367   7
368   0
369   0
370   3
371   4
372   7
373   0
374   7
375   3
376   4
377   7
378   4
379   1
380   1
381   6
382   0
383   1
384   7
385   2
386   7
387   7
388   2
389   6
390   7
391   7
392   7
393   1
394   7
395   6
396   7
397   4
398   7
399   7
400   0
401   4
402   6
403   6
404   7
405   7
406   7
407   7
408   1
409   5
410   2
411   7
412   7
413   0
414   7
415   6
416   0
417   7
418   5
419   7
420   7
421   7
422   7
423   2
424   1
425   7
426   7
427   0
428   2
429   2
430   5
431   2
432   5
433   6
434   7
435   0
436   2
437   7
438   7
439   7
440   0
441   6
442   0
443   0
444   3
445   6
446   7
447   7
448   6
449   7
450   7
451   6
452   0
453   0
454   1
455   3
456   1
457   7
458   7
459   0
460   7
461   0
462   7
463   5
464   0
465   6
466   3
467   0
468   0
469   5
470   6
471   6
472   0
473   0
474   6
475   0
476   0
477   0
478   0
479   7
480   7
481   0
482   0
483   0
484   6
485   7
486   7
487   7
488   2
489   6
490   6
491   7
492   0
493   0
494   0
495   0
496   7
497   6
498   0
499   7
500   2
501   5
502   0
503   0
504   7
505   6
506   3
507   7
508   7
509   4
510   7
511   7
