COMMAND
./sim gshare 9 4 jpeg_trace.txt
OUTPUT
number of predictions:		2000000
number of mispredictions:	160772
misprediction rate:		8.04%
FINAL GSHARE CONTENTS
0   7
1   7
2   7
3   2
4   3
5   7
6   5
7   0
8   0
9   7
10   7
11   7
12   1
13   0
14   2
15   4
16   0
17   0
18   0
19   7
20   1
21   7
22   7
23   7
24   7
25   0
26   6
27   7
28   0
29   7
30   1
31   6
32   5
33   7
34   7
35   7
36   7
37   7
38   6
39   7
40   6
41   7
42   7
43   7
44   7
45   7
46   5
47   0
48   1
49   7
50   7
51   3
52   7
53   1
54   4
55   7
56   6
57   7
58   7
59   7
60   6
61   6
62   7
63   1
64   3
65   0
66   7
67   2
68   6
69   7
70   0
71   3
72   7
73   7
74   7
75   3
76   2
77   7
78   6
79   7
80   7
81   5
82   4
83   0
84   3
85   7
86   4
87   4
88   0
89   0
90   0
91   0
92   0
93   0
94   0
95   2
96   7
97   0
98   0
99   6
100   7
101   7
102   2
103   7
104   0
105   0
106   0
107   0
108   0
109   7
110   0
111   7
112   0
113   2
114   0
115   0
116   0
117   7
118   0
119   6
120   7
121   7
122   7
123   0
124   5
125   0
126   0
127   0
128   7
129   6
130   5
131   7
132   7
133   6
134   0
135   5
136   3
137   6
138   6
139   6
140   1
141   2
142   6
143   7
144   7
145   7
146   7
147   7
148   7
149   7
150   7
151   7
152   5
153   7
154   3
155   7
156   0
157   7
158   7
159   6
160   3
161   0
162   1
163   6
164   5
165   0
166   6
167   0
168   7
169   7
170   7
171   6
172   7
173   7
174   5
175   7
176   1
177   0
178   0
179   4
180   7
181   7
182   7
183   7
184   0
185   0
186   0
187   0
188   0
189   0
190   1
191   0
192   0
193   6
194   4
195   7
196   7
197   7
198   7
199   1
200   5
201   0
202   6
203   7
204   0
205   6
206   5
207   5
208   0
209   7
210   7
211   6
212   4
213   0
214   7
215   5
216   2
217   7
218   7
219   0
220   0
221   0
222   0
223   0
224   7
225   0
226   0
227   6
228   7
229   0
230   0
231   7
232   2
233   7
234   6
235   0
236   3
237   2
238   6
239   0
240   5
241   4
242   1
243   0
244   7
245   2
246   7
247   4
248   0
249   7
250   0
251   0
252   0
253   7
254   7
255   7
256   0
257   6
258   6
259   0
260   0
261   0
262   0
263   7
264   6
265   7
266   7
267   2
268   2
269   7
270   7
271   7
272   0
273   5
274   0
275   0
276   0
277   7
278   6
279   0
280   6
281   5
282   0
283   3
284   2
285   0
286   7
287   7
288   0
289   0
290   0
291   6
292   7
293   7
294   7
295   7
296   7
297   6
298   5
299   0
300   7
301   6
302   6
303   1
304   7
305   7
306   6
307   7
308   7
309   3
310   7
311   7
312   1
313   6
314   0
315   7
316   7
317   7
318   0
319   0
320   4
321   3
322   7
323   7
324   7
325   7
326   5
327   7
328   7
329   0
330   1
331   7
332   0
333   7
334   6
335   0
336   7
337   0
338   7
339   0
340   7
341   5
342   4
343   5
344   5
345   6
346   1
347   6
348   6
349   7
350   6
351   6
352   3
353   0
354   6
355   7
356   7
357   6
358   7
359   0
360   3
361   4
362   0
363   0
364   4
365   4
366   0
367   7
368   0
369   6
370   0
371   5
372   0
373   7
374   4
375   7
376   7
377   0
378   6
379   7
380   0
381   7
382   1
383   6
384   7
385   0
386   7
387   5
388   7
389   7
390   6
391   6
392   7
393   7
394   6
395   7
396   7
397   7
398   3
399   7
400   7
401   6
402   7
403   6
404   7
405   6
406   7
407   5
408   0
409   7
410   0
411   1
412   7
413   7
414   7
415   6
416   5
417   7
418   2
419   4
420   0
421   7
422   5
423   7
424   2
425   7
426   7
427   7
428   1
429   1
430   3
431   7
432   1
433   7
434   1
435   1
436   0
437   2
438   0
439   7
440   7
441   7
442   1
443   6
444   7
445   7
446   7
447   7
448   0
449   7
450   0
451   5
452   1
453   1
454   6
455   1
456   7
457   7
458   5
459   7
460   4
461   7
462   7
463   7
464   0
465   0
466   5
467   0
468   0
469   0
470   4
471   7
472   0
473   6
474   0
475   6
476   0
477   0
478   1
479   2
480   6
481   7
482   7
483   0
484   7
485   4
486   7
487   7
488   0
489   7
490   7
491   7
492   6
493   7
494   3
495   6
496   0
497   0
498   2
499   7
500   3
501   7
502   7
503   7
504   7
505   7
506   7
507   7
508   7
509   6
510   7
511   7
