COMMAND
./sim gshare 9 6 jpeg_trace.txt
OUTPUT
number of predictions:		2000000
number of mispredictions:	169159
misprediction rate:		8.46%
FINAL GSHARE CONTENTS
0   5
1   7
2   2
3   2
4   2
5   7
6   7
7   4
8   0
9   2
10   7
11   0
12   2
13   7
14   7
15   7
16   7
17   7
18   7
19   7
20   7
21   7
22   6
23   7
24   6
25   7
26   7
27   6
28   7
29   7
30   7
31   7
32   0
33   6
34   7
35   5
36   6
37   7
38   3
39   6
40   6
41   7
42   7
43   0
44   2
45   2
46   7
47   5
48   7
49   0
50   7
51   6
52   7
53   7
54   7
55   7
56   1
57   2
58   7
59   0
60   7
61   7
62   7
63   7
64   7
65   7
66   0
67   6
68   1
69   7
70   7
71   0
72   7
73   4
74   0
75   3
76   7
77   7
78   0
79   0
80   4
81   4
82   7
83   1
84   7
85   0
86   0
87   7
88   7
89   4
90   7
91   0
92   0
93   6
94   7
95   6
96   7
97   0
98   0
99   7
100   0
101   0
102   7
103   2
104   0
105   7
106   0
107   3
108   6
109   0
110   1
111   5
112   0
113   7
114   0
115   1
116   1
117   0
118   0
119   0
120   0
121   0
122   0
123   0
124   0
125   0
126   7
127   0
128   3
129   1
130   7
131   3
132   0
133   4
134   4
135   7
136   7
137   7
138   7
139   7
140   6
141   6
142   7
143   7
144   0
145   7
146   7
147   7
148   7
149   7
150   7
151   6
152   2
153   6
154   7
155   7
156   7
157   7
158   7
159   7
160   7
161   0
162   6
163   0
164   7
165   7
166   7
167   7
168   0
169   7
170   7
171   7
172   7
173   7
174   7
175   6
176   4
177   7
178   7
179   7
180   7
181   7
182   7
183   0
184   7
185   7
186   7
187   7
188   7
189   7
190   7
191   7
192   0
193   7
194   7
195   7
196   1
197   0
198   6
199   2
200   0
201   1
202   0
203   7
204   6
205   6
206   7
207   7
208   1
209   4
210   0
211   7
212   0
213   6
214   7
215   0
216   7
217   7
218   2
219   7
220   0
221   0
222   7
223   0
224   5
225   6
226   7
227   4
228   1
229   6
230   0
231   6
232   7
233   0
234   0
235   7
236   0
237   0
238   0
239   0
240   0
241   3
242   1
243   7
244   7
245   6
246   3
247   0
248   3
249   0
250   3
251   7
252   0
253   2
254   0
255   0
256   1
257   2
258   0
259   7
260   7
261   0
262   7
263   7
264   6
265   1
266   7
267   0
268   7
269   7
270   7
271   0
272   1
273   7
274   7
275   7
276   7
277   7
278   7
279   0
280   7
281   5
282   7
283   7
284   6
285   7
286   0
287   0
288   1
289   7
290   2
291   6
292   2
293   0
294   0
295   7
296   1
297   0
298   4
299   5
300   4
301   1
302   7
303   0
304   7
305   7
306   0
307   2
308   7
309   5
310   0
311   7
312   6
313   7
314   5
315   7
316   7
317   7
318   7
319   7
320   2
321   7
322   0
323   7
324   4
325   7
326   7
327   7
328   7
329   7
330   6
331   5
332   3
333   6
334   7
335   7
336   7
337   7
338   0
339   5
340   5
341   4
342   7
343   7
344   0
345   6
346   5
347   0
348   1
349   0
350   5
351   7
352   6
353   0
354   7
355   1
356   7
357   7
358   0
359   6
360   3
361   6
362   0
363   6
364   0
365   6
366   7
367   0
368   2
369   1
370   7
371   7
372   0
373   4
374   7
375   5
376   0
377   2
378   1
379   0
380   2
381   7
382   0
383   7
384   1
385   7
386   3
387   7
388   7
389   7
390   3
391   3
392   7
393   7
394   3
395   7
396   7
397   6
398   7
399   0
400   7
401   7
402   1
403   2
404   0
405   6
406   7
407   5
408   2
409   6
410   2
411   7
412   5
413   4
414   6
415   7
416   7
417   7
418   7
419   6
420   7
421   7
422   7
423   7
424   7
425   7
426   7
427   7
428   7
429   7
430   7
431   6
432   7
433   7
434   2
435   5
436   7
437   7
438   7
439   7
440   1
441   7
442   1
443   7
444   7
445   7
446   6
447   7
448   2
449   7
450   7
451   7
452   1
453   7
454   0
455   7
456   7
457   7
458   5
459   7
460   7
461   6
462   7
463   7
464   0
465   0
466   7
467   4
468   4
469   0
470   4
471   7
472   7
473   0
474   0
475   0
476   7
477   7
478   1
479   7
480   0
481   4
482   0
483   1
484   2
485   0
486   7
487   0
488   5
489   0
490   2
491   7
492   4
493   7
494   7
495   7
496   7
497   2
498   1
499   2
500   6
501   6
502   3
503   7
504   7
505   1
506   7
507   7
508   0
509   1
510   7
511   7
