COMMAND
./sim gshare 9 8 jpeg_trace.txt
OUTPUT
number of predictions:		2000000
number of mispredictions:	166404
misprediction rate:		8.32%
FINAL GSHARE CONTENTS
0   7
1   0
2   7
3   7
4   4
5   0
6   0
7   7
8   0
9   0
10   6
11   4
12   0
13   0
14   7
15   0
16   7
17   6
18   7
19   6
20   2
21   7
22   7
23   6
24   7
25   7
26   1
27   7
28   7
29   7
30   2
31   7
32   4
33   1
34   6
35   7
36   0
37   7
38   0
39   1
40   6
41   7
42   7
43   0
44   6
45   5
46   5
47   7
48   1
49   5
50   1
51   4
52   7
53   7
54   1
55   7
56   0
57   0
58   7
59   7
60   7
61   1
62   7
63   7
64   1
65   0
66   7
67   3
68   0
69   0
70   7
71   7
72   7
73   6
74   7
75   7
76   0
77   7
78   6
79   7
80   0
81   7
82   7
83   6
84   0
85   6
86   0
87   5
88   7
89   0
90   7
91   1
92   0
93   0
94   0
95   0
96   3
97   0
98   5
99   7
100   6
101   6
102   3
103   7
104   0
105   1
106   1
107   7
108   7
109   7
110   0
111   7
112   3
113   7
114   5
115   0
116   0
117   0
118   3
119   6
120   7
121   7
122   7
123   7
124   4
125   2
126   7
127   7
128   7
129   7
130   7
131   7
132   7
133   7
134   7
135   7
136   1
137   7
138   7
139   6
140   7
141   7
142   2
143   7
144   6
145   7
146   0
147   7
148   0
149   0
150   7
151   1
152   7
153   7
154   4
155   7
156   4
157   7
158   7
159   3
160   5
161   7
162   7
163   7
164   7
165   6
166   7
167   7
168   4
169   0
170   3
171   0
172   5
173   7
174   7
175   4
176   0
177   7
178   7
179   0
180   0
181   7
182   0
183   6
184   7
185   7
186   1
187   7
188   6
189   7
190   6
191   0
192   0
193   1
194   7
195   0
196   0
197   0
198   5
199   0
200   7
201   7
202   7
203   7
204   0
205   7
206   0
207   0
208   0
209   7
210   6
211   7
212   7
213   7
214   6
215   7
216   6
217   0
218   7
219   7
220   0
221   6
222   7
223   0
224   5
225   1
226   7
227   7
228   7
229   5
230   6
231   7
232   7
233   4
234   7
235   7
236   7
237   7
238   7
239   7
240   7
241   7
242   7
243   7
244   7
245   7
246   7
247   7
248   7
249   7
250   7
251   6
252   7
253   0
254   7
255   0
256   1
257   1
258   7
259   7
260   7
261   7
262   7
263   7
264   3
265   7
266   7
267   0
268   0
269   0
270   4
271   7
272   7
273   7
274   0
275   5
276   7
277   7
278   7
279   1
280   6
281   0
282   3
283   7
284   7
285   7
286   7
287   0
288   7
289   7
290   7
291   7
292   7
293   7
294   7
295   0
296   4
297   7
298   7
299   3
300   7
301   7
302   6
303   7
304   4
305   0
306   7
307   7
308   5
309   7
310   7
311   3
312   0
313   0
314   2
315   0
316   4
317   0
318   1
319   4
320   0
321   0
322   7
323   1
324   1
325   0
326   0
327   0
328   7
329   7
330   0
331   3
332   5
333   7
334   0
335   4
336   7
337   7
338   7
339   6
340   7
341   7
342   4
343   6
344   7
345   7
346   0
347   7
348   7
349   7
350   0
351   7
352   7
353   7
354   6
355   7
356   7
357   7
358   7
359   7
360   7
361   7
362   0
363   0
364   5
365   2
366   7
367   4
368   6
369   7
370   3
371   3
372   6
373   7
374   7
375   7
376   7
377   6
378   7
379   7
380   7
381   6
382   0
383   7
384   7
385   7
386   7
387   7
388   7
389   7
390   7
391   7
392   7
393   7
394   7
395   7
396   7
397   7
398   0
399   2
400   7
401   7
402   7
403   7
404   0
405   7
406   0
407   1
408   3
409   6
410   1
411   7
412   7
413   0
414   0
415   0
416   0
417   7
418   0
419   0
420   0
421   0
422   0
423   0
424   0
425   0
426   2
427   7
428   0
429   7
430   4
431   7
432   7
433   0
434   7
435   7
436   7
437   7
438   5
439   1
440   5
441   6
442   5
443   7
444   1
445   7
446   7
447   0
448   1
449   3
450   0
451   7
452   7
453   7
454   7
455   7
456   5
457   1
458   6
459   6
460   7
461   7
462   6
463   2
464   7
465   7
466   1
467   7
468   7
469   7
470   7
471   7
472   4
473   7
474   6
475   5
476   6
477   0
478   6
479   0
480   5
481   7
482   7
483   6
484   7
485   7
486   7
487   7
488   7
489   7
490   0
491   5
492   5
493   6
494   0
495   4
496   7
497   7
498   7
499   0
500   7
501   7
502   7
503   5
504   6
505   1
506   7
507   7
508   7
509   7
510   0
511   6
