| INDEX  |        OC         |           P          |        A            |          NC               |
-------------------------------------------------------------------------------------------------------
0 3
1 7
2 0
3 6
4 0
5 6
6 1
7 0
8 3
9 0
10 0
11 0
12 7
13 0
14 0
15 0
16 7
17 3
18 2
19 7
20 1
21 0
22 0
23 0
24 3
25 1
26 0
27 7
28 3
29 0
30 3
31 0
32 1
33 6
34 1
35 2
36 4
37 1
38 0
39 2
40 2
41 6
42 0
43 6
44 6
45 0
46 1
47 1
48 2
49 0
50 1
51 7
52 1
53 5
54 1
55 1
56 3
57 4
58 5
59 7
60 7
61 1
62 5
63 0
